>M00371_2.00_NR2E3_Homo_sapiens
0.319047314219872 0.226984228593376 0.226984228593376 0.226984228593376
0.226984228593376 0.319047314219872 0.226984228593376 0.226984228593376
0.201188256663439 0.201188256663439 0.201188256663439 0.396435230009682
0.179333936130204 0.276124442879662 0.0808774695334192 0.463664151456715
0.713816184295808 0.127782400998616 0.0340469541420947 0.124354460563482
0.696422427244285 0.0922231201939619 0.108010530274539 0.103343922287214
0.000160034567466573 0.000160034567466573 0.000160034567466573 0.9995198962976
0.602686980387764 0.0922231201939619 0.103343922287214 0.20174597713106
0.223089387307658 0.0231758059740904 0.0231758059740904 0.730559000744161
0.704617397357829 0.0231758059740904 0.24903099069399 0.0231758059740904
0.0489717779040273 0.18451945620254 0.0489717779040273 0.717536987989406
0.395137749753947 0.169282565034047 0.169282565034047 0.266297120177958
0.216113080425372 0.351660758723884 0.216113080425372 0.216113080425372
