>M02947_2.00_CUX1_Homo_sapiens
0.914738050637501 0.00839929905130219 0.0232038189618708 0.0536588313493262
0.0164263322884013 0.0238244514106583 0.0106583072100313 0.949090909090909
0.0233866193013618 0.896269982238011 0.0160449970396684 0.0642984014209591
0.289465153970827 0.0111507293354943 0.69192868719611 0.00745542949756888
0.961997966446365 0.00794356888662938 0.0120742247076767 0.0179842399593289
0.0725659556965744 0.0286150772665844 0.00934249955931606 0.889476467477525
0.368848669000594 0.296122597265341 0.102186405971332 0.232842327762732
0.418719862606513 0.25741462447982 0.158068564634388 0.165796948279279
0.249752295395997 0.30906929123456 0.271682409670388 0.169496003699055
0.237730365281723 0.317392165929057 0.254376114670718 0.190501354118502
0.209260849461655 0.158464892000793 0.194134354977211 0.438139903560341
0.364687231653346 0.0675077614109254 0.382059581214083 0.185745425721646
0.924909879635853 0.00953137410643368 0.0281664324555508 0.0373923138021629
0.0131661836966108 0.0217336525135442 0.0114652891520726 0.953634874637772
0.0147654351753785 0.94311880879696 0.011463460220547 0.0306522958071148
0.4071956312239 0.015547703180212 0.565435271442339 0.0118213941535496
0.946125 0.01175 0.0156875 0.0264375
0.0716156685319681 0.0182759852363377 0.00892963448029527 0.901178711751399
