>M02958_2.00_E2F3_Homo_sapiens
0.484168443496802 0.157835820895522 0.143763326226013 0.214232409381663
0.3397514014136 0.0273945893248842 0.335754326102852 0.297099683158664
0.164335183231665 0.0016970141723616 0.0018346099160666 0.832133192679906
0.0840768250340614 0.000395552234870127 0.00254911440249637 0.912978508328572
0.0556147256309331 0.00245427182218106 0.00134290344987266 0.940588099097013
0.0325101738808731 0.000416204217536071 0.0391231964483907 0.9279504254532
0.00117027501462844 0.0219060854300761 0.976594499707431 0.000329139847864248
0.000367795799771967 0.000478134539703557 0.999154069660524 0.0
0.000279814203368963 0.998265151939112 0.00022385136269517 0.00123118249482344
0.000792678532824097 0.000468400951214239 0.998738920515962 0.0
0.000288850375505488 0.999537839399191 0.0 0.000173310225303293
0.000393900174441506 0.975071746103202 0.0235777390129987 0.000956614709357943
0.969572814364042 0.0141591853949509 0.0015062963186118 0.0147617039223956
0.969395794194291 0.00157566208108599 0.00266650506029938 0.0263620386643234
0.97839691900349 0.000902635696233 0.0029486099410278 0.017751835359249
0.923334115438761 0.00187705302674801 0.00152510558423275 0.0732637259502581
0.10533873531976 0.521001076978307 0.131801630852864 0.241858556849069
0.186913517626173 0.216079127567842 0.091858990616282 0.505148364189703
