>M04178_2.00_NHLH2_Homo_sapiens
0.219314725353373 0.0913401324029343 0.486849168008588 0.202495974235105
0.122252858648934 0.0424134295677561 0.713648528099911 0.1216851836834
0.0822633744855967 0.00987654320987654 0.843415637860082 0.0644444444444444
0.128684528335644 0.304557856599723 0.311893366730778 0.254864248333855
0.51482647045787 0.469881654181995 0.0106821506138912 0.00460972474624352
0.111947602198299 0.141082586765038 0.417714371753369 0.329255439283294
0.000357462019660411 0.998793565683646 0.000357462019660411 0.000491510277033065
0.997723620782003 0.000490983752901268 0.0014729512587038 0.000312444206391716
0.000599494711600223 0.0194407570761786 0.944503918126151 0.0354558300860703
0.00922144644974312 0.964168093795284 0.0259078733588021 0.000702586396170904
0.000267833229175966 0.00178555486117311 0.00040174984376395 0.997544862065887
0.0 0.0 1.0 0.0
0.0792602377807133 0.734808454425363 0.0360340525466021 0.149897255247321
0.00641000432576979 0.00511227338865075 0.827047858743954 0.161429863541626
0.0702538840469875 0.322546419098143 0.110875331564987 0.496324365289883
0.11105198526402 0.834383954154728 0.0114613180515759 0.0431027425296766
0.148928105125721 0.735164048351093 0.0329360232489576 0.0829718232742282
0.162685632492396 0.571032385042047 0.0619967793880837 0.204285203077474
