>M04374_2.00_MAFG_Homo_sapiens
0.134715025906736 0.363989637305699 0.0077720207253886 0.493523316062176
0.053133514986376 0.0204359673024523 0.901907356948229 0.0245231607629428
0.0267737617135207 0.886211512717537 0.0147255689424364 0.072289156626506
0.377638334284084 0.211637193382772 0.120365088419852 0.290359383913292
0.238310708898944 0.363499245852187 0.129713423831071 0.268476621417798
0.342900302114804 0.268882175226586 0.205438066465257 0.182779456193353
0.242057488653555 0.199697428139183 0.531013615733737 0.027231467473525
0.0754966887417219 0.00264900662251656 0.0450331125827815 0.87682119205298
0.149466192170818 0.785290628706999 0.0403321470937129 0.0249110320284698
0.886211512717537 0.0281124497991968 0.0829986613119143 0.00267737617135207
0.0212483399734396 0.00132802124833997 0.879150066401062 0.098273572377158
0.0014903129657228 0.986587183308495 0.00894187779433681 0.0029806259314456
0.643968871595331 0.0116731517509728 0.253891050583658 0.0904669260700389
