>M04437_2.00_EGR1_Homo_sapiens
0.247130206625123 0.398983273204329 0.158412594293211 0.195473925877337
0.331370384001963 0.416635995583364 0.125506072874494 0.126487547540179
0.0966457528957529 0.735641891891892 0.0611727799227799 0.106539575289575
0.312384917140341 0.0867824833880394 0.488111440236971 0.112721159234649
0.0154779001116962 0.972873783309398 0.0019147917663954 0.00973352481250997
0.0298438934802571 0.933119069482706 0.01729415365779 0.019742883379247
0.0556261112522225 0.774320548641097 0.0104140208280417 0.159639319278639
0.594771241830065 0.335479465418008 0.0423373329431275 0.0274119598087991
0.000323519896473633 0.986250404399871 0.00210287932707862 0.0113231963765772
0.174955595026643 0.130649299388198 0.601638050128281 0.0927570554568778
0.072921790457452 0.749754058042302 0.0501721593703886 0.127151992129857
0.366286180187525 0.255197717081125 0.219221361598043 0.159294741133306
0.255985569039029 0.407018694653985 0.152345031157757 0.184650705149229
