>M04660_2.00_MBNL2_Homo_sapiens
0.219945355191257 0.155054644808743 0.197404371584699 0.427595628415301
0.111683848797251 0.360252004581901 0.0498281786941581 0.47823596792669
0.0715421303656598 0.0741918388977213 0.775834658187599 0.0784313725490196
0.0289085545722714 0.863716814159292 0.0377581120943953 0.0696165191740413
0.0581478822684853 0.400933237616655 0.0154343144292893 0.525484565685571
0.113673805601318 0.0538165842943438 0.028555738605162 0.803953871499176
0.164088397790055 0.42707182320442 0.0270718232044199 0.381767955801105
0.082117774176121 0.0794165316045381 0.790923824959481 0.0475418692598595
0.0345454545454545 0.887272727272727 0.0145454545454545 0.0636363636363636
0.0806587837837838 0.273226351351351 0.0278716216216216 0.618243243243243
0.105263157894737 0.106275303643725 0.0475708502024291 0.740890688259109
0.26844262295082 0.354508196721311 0.078551912568306 0.298497267759563
