>M04739_2.00_ETV3_Homo_sapiens
0.575245147088253 0.06824094456674 0.196217730638383 0.160296177706624
0.137582549529718 0.417650590354213 0.220732439463678 0.224034420652391
0.674836270339612 0.197083248936601 0.0771723718857606 0.0509081088380258
0.0 0.0005 0.9995 0.0
0.0003996003996004 0.0003996003996004 0.998501498501498 0.000699300699300699
0.999300139972006 0.000399920015996801 0.0001999600079984 9.99800039992002e-05
0.771695491043854 0.00501852995676343 0.000694873378628783 0.222591105620754
0.38272963778267 0.00810486291775065 0.608264958975385 0.000900540324194517
0.0227090836334534 0.229391756702681 0.0172068827531012 0.730692276910764
0.288944472236118 0.131765882941471 0.429214607303652 0.150075037518759
0.211026615969582 0.297078246948169 0.28477086251751 0.207124274564739
0.151175587793897 0.432616308154077 0.130965482741371 0.285242621310655
0.729564782391196 0.0178089044522261 0.229114557278639 0.023511755877939
0.000900540324194517 0.601260756453872 0.00780468280968581 0.390034020412247
0.226094314947304 0.0 0.00500038464497269 0.768905300407724
0.0 0.0005999400059994 0.0 0.999400059994001
0.0002999700029997 0.999400059994001 0.0002999700029997 0.0
0.0 0.999799939981995 0.0 0.000200060018005402
0.051089964230276 0.0791658230411014 0.195181210771411 0.674563001957211
0.220888355342137 0.226190476190476 0.419967987194878 0.132953181272509
0.15447723861931 0.204602301150575 0.0690345172586293 0.571885942971486
