>M05194_2.00_TGIF2LX_Homo_sapiens
0.0373309287646528 0.147880973850316 0.0151487826871055 0.799639314697926
0.00773848267881681 0.0215520358718449 0.962030809286179 0.00867867216315904
0.922724750277469 0.00374583795782464 0.0133879023307436 0.0601415094339623
0.00407316892542398 0.985114419017996 0.00266607420573206 0.00814633785084796
0.952319587628866 0.000715922107674685 0.0436712485681558 0.00329324169530355
0.00563867378392602 0.186226599503797 0.653108788812871 0.155025937899406
0.159236147658071 0.645365010149613 0.189233892188557 0.00616495000375912
0.00415175375805297 0.0433070866141732 0.000357909806728704 0.952183249821045
0.00704486466444197 0.00304041527623285 0.98642936596218 0.00348535409714498
0.0571190905309857 0.0154582004713711 0.00533758491612367 0.922085124081519
0.00665172438724604 0.961752584773335 0.02299182994722 0.00860386089219868
0.801325301204819 0.0136144578313253 0.150240963855422 0.0348192771084337
