>M05453_2.00_POU1F1_Homo_sapiens
0.253395924890132 0.191669996004794 0.267379145025969 0.287554934079105
0.0726072607260726 0.0305057532780305 0.00383551868700384 0.893051467308893
0.978403205316134 0.00498387569627675 0.0158311345646438 0.000781784422945373
0.997906907206219 0.000598026512508721 0.00129572411043556 0.00019934217083624
0.000873531980976415 0.0259147821023003 0.00145588663496069 0.971755799281763
0.0482253595461143 0.0810133262963452 0.660509302018736 0.210252012138805
0.905899384726746 0.00217155266015201 0.0532030401737242 0.0387260224393775
0.0141309059384482 0.117988729952319 0.514607715648028 0.353272648461205
0.987376725838264 0.00335305719921105 0.00512820512820513 0.00414201183431953
0.0 0.000798164222288736 0.000299311583358276 0.998902524194353
0.0539369130748856 0.000481579581025764 0.803595794204992 0.141985713139096
0.00126030053320407 0.970625302956859 0.00843431895298109 0.0196800775569559
0.483879634605051 0.0437936593229447 0.412770911696221 0.0595557943757836
0.216040751098682 0.260287654814223 0.190471434278865 0.33320015980823
