>M05485_2.00_POU3F1_Homo_sapiens
0.25764192139738 0.283842794759825 0.248908296943231 0.209606986899563
0.0845921450151057 0.169184290030211 0.054380664652568 0.691842900302115
0.656160458452722 0.128939828080229 0.120343839541547 0.0945558739255014
0.880769230769231 0.0538461538461538 0.0653846153846154 0.0
0.136363636363636 0.0484848484848485 0.121212121212121 0.693939393939394
0.112087912087912 0.0549450549450549 0.32967032967033 0.503296703296703
0.342960288808664 0.075812274368231 0.0974729241877256 0.483754512635379
0.687687687687688 0.033033033033033 0.165165165165165 0.114114114114114
0.0592991913746631 0.172506738544474 0.150943396226415 0.617250673854447
0.096045197740113 0.0423728813559322 0.646892655367232 0.214689265536723
0.0843023255813953 0.665697674418605 0.119186046511628 0.130813953488372
0.414847161572052 0.117903930131004 0.327510917030568 0.139737991266376
0.266375545851528 0.253275109170306 0.218340611353712 0.262008733624454
