>M05528_2.00_IRF6_Homo_sapiens
0.667967162480696 0.00593351215150776 0.316426887750955 0.00967243761684142
0.00154008267812272 0.0172651373915863 0.980708438031936 0.000486341898354543
0.0 0.000571335292197192 0.000734573947110676 0.998694090760692
0.558869062168989 0.00317770716206307 0.0 0.437953230668948
0.000407797080172906 0.00195742598482995 0.000407797080172906 0.997226979854824
0.000325547326442582 0.98364124684626 0.00113941564254904 0.0148937901847481
0.0716355441081777 0.00523180940115905 0.777205408886027 0.145927237604636
0.220307139356314 0.286227740565267 0.336464629962424 0.157000490115994
0.253042554929347 0.175120477007269 0.123499142367067 0.448337825696316
0.32053586015357 0.135517072373795 0.190818493710178 0.353128573762457
0.398382617219409 0.171540597941513 0.143849044273811 0.286227740565267
0.347002123835975 0.122283940532593 0.174154549910145 0.356559385721287
0.222367453639409 0.244179397108079 0.398987010865125 0.134466138387387
0.0658236057068742 0.427204928664073 0.00210765239948119 0.504863813229572
0.00626627604166667 0.001708984375 0.991861979166667 0.000162760416666667
0.997879973907371 0.00146771037181996 0.000326157860404436 0.000326157860404436
0.449243533430942 0.000406702456482837 0.00382300309093867 0.546526761021637
0.998368146214099 0.000652741514360313 0.00097911227154047 0.0
0.000566709844559585 0.980812823834197 0.0178918393782383 0.000728626943005181
0.00830483634587201 0.296775769418661 0.00407099820876079 0.690848396026706
