>M05532_2.00_IRF3_Homo_sapiens
0.0185477505919495 0.0359116022099447 0.662273086029992 0.283267561168114
0.0115591215067655 0.859182702114639 0.000883932821105596 0.12837424355749
0.251617995264404 0.00489344909234412 0.315469613259668 0.428018942383583
0.06396771037182 0.201687866927593 0.699853228962818 0.0344911937377691
0.0348205402923395 7.65286599831637e-05 7.65286599831637e-05 0.965026402387694
0.0217659771534424 0.000231552948440877 7.71843161469589e-05 0.97792528558197
7.57747973024172e-05 0.0398575433810715 0.0 0.960066681821626
0.000157691397934243 0.998975005913427 0.000157691397934243 0.000709611290704092
0.0682679339798343 0.808297476077323 0.0741763534776187 0.0492582364652238
0.374191002367798 0.226440410418311 0.00718232044198895 0.392186266771902
0.0174392511380394 0.13752644739373 0.80265435660704 0.0423799448611913
0.0184196269638573 7.73933906044424e-05 0.980496865567681 0.00100611407785775
0.998108597998266 0.0 0.00173378516825597 0.000157616833477815
0.993258074631546 0.0 0.000156788962057071 0.00658513640639699
0.971034589014714 0.00261921269547801 0.000154071335028118 0.0261921269547801
0.178977975748577 0.676008413758971 0.132702301410542 0.0123113090819104
0.193645313898478 0.39285257639688 0.128308400460299 0.285193709244342
0.327447270688809 7.00721743395698e-05 0.672342512788172 0.00014014434867914
0.73366445204154 0.170031606785783 0.0940463136167193 0.00225762755595691
0.669035532994924 0.118845177664975 0.00253807106598985 0.209581218274112
0.83441449876279 0.0712900421320136 0.00361131545509262 0.0906841436501037
0.163446873411286 0.552491103202847 0.218352821555669 0.0657092018301983
