>M05511_2.00_HSFY2_Homo_sapiens
0.325123947884238 0.17497982243745 0.192989738268189 0.306906491410123
0.297687474936506 0.029388737181813 0.209903183302461 0.46302060457922
0.0921472392638037 0.0319222903885481 0.0384049079754601 0.837525562372188
0.187469695920205 0.626082288564106 0.186101683175175 0.000346332340513957
0.000252809634345338 0.00216037323895107 0.996092942014663 0.00149387511204063
0.994137391944087 0.00085065293360309 0.000367849917233769 0.00464410520507633
0.938796935379392 0.00339520650450088 0.0408094887087047 0.0169983694074024
0.00506571741511501 0.696901241328952 0.00816903979554582 0.289864001460387
0.0368210692977544 0.132764379911568 0.765480488888031 0.0649340619026472
0.170560561358743 0.0810541424128857 0.11165377561598 0.636731520612391
0.184545073542619 0.0022152593450017 0.0107170654798731 0.802522601632506
0.0135187243405085 0.00557987615396829 0.00149703994374759 0.979404359561776
0.0828370330265295 0.850152013660406 0.0663029444837783 0.000708008829286577
0.000299173819989414 0.00112765516765241 0.998043863484685 0.000529307527673578
0.991900325822587 0.00103253636822541 0.000413014547290166 0.00665412326189711
0.957646900390537 0.00435426673250438 0.0233873501818019 0.0146114826951564
0.00362492305587853 0.625242231493514 0.0135421653785651 0.357590680072042
0.050372109758176 0.136856856098623 0.721533130077452 0.0912379040657489
0.106373656781811 0.387261910252271 0.153991606327538 0.35237282663838
