>M05525_2.00_HSF1_Homo_sapiens
0.320887673538073 0.275031552376946 0.377261253681111 0.0268195204038704
0.0 0.0 1.0 0.0
0.9650832318311 0.01278928136419 0.000203004466098254 0.0219244823386114
0.89842199754323 0.0140791835963337 0.00944911650760654 0.07804970235283
0.126091071616363 0.404879587758965 0.159112419812809 0.309916920811862
0.287862852334876 0.132519983172066 0.504312158182583 0.0753050063104754
0.100409276944065 0.0122783083219645 0.0225557071396089 0.864756707594361
0.0405607476635514 0.00214953271028037 0.0686915887850467 0.888598130841121
0.000315126050420168 0.998739495798319 0.000945378151260504 0.0
0.00578460244005048 0.162074042911233 0.283445519562474 0.548695835086243
0.567311737484224 0.233066891039125 0.192995372318048 0.00662599915860328
0.0101969409177247 0.0231930420873738 0.950514845546336 0.0160951714485654
0.846509971509972 0.0841346153846154 0.010238603988604 0.0591168091168091
0.698501322362621 0.0793417572729944 0.0700117543344108 0.152145166029974
0.185633151030711 0.332456878418174 0.278186790071519 0.203723180479596
