>M05677_2.00_RORB_Homo_sapiens
0.282312576812782 0.119930356411307 0.275297009422368 0.322460057353544
0.807881329185265 0.0430587492673249 0.0382794535371297 0.11078046801028
0.547369979275634 0.0120892134609691 0.0362676403829073 0.404273166880489
0.126997132322819 0.242625972961901 0.432302335108562 0.198074559606719
0.0251753125136112 0.0632867285160504 0.164859096650551 0.746678862319787
0.618106828249911 0.00911451703243546 0.37176027292632 0.00101838179133357
0.0 0.000957564761616773 0.974750529180526 0.0242919060578571
0.00244635849345089 0.0016309056623006 0.99327251414301 0.00265022170123847
0.00223355183296917 0.0247147365865501 0.0859431900946832 0.887108521485798
0.0111408016443988 0.632106885919836 0.00065775950668037 0.356094552929085
0.989596021112464 5.07511165245635e-05 0.00248680470970361 0.00786642306130735
0.0863887750921753 0.171138877509218 0.690649324047522 0.0518230233510856
0.0112634902681559 0.0407182242329987 0.0705971063669353 0.87742117913191
0.654662738724096 0.00975213327915482 0.333045509955303 0.00253961804144657
0.00267870430080857 0.00267870430080857 0.956644674835061 0.0379979165633216
0.00666397415185783 0.0043921647819063 0.983895395799677 0.00504846526655897
0.0306832128733124 0.0439110868675849 0.0833219691804173 0.842083731078685
0.00356612184249629 0.952996532937098 0.0087667161961367 0.0346706290242694
0.897781788818696 0.00199496508811096 0.0930508716097468 0.00717237448344654
0.215280622695617 0.300081933633757 0.259575993445309 0.225061450225317
