>M05646_2.00_NR2F6_Homo_sapiens
0.364006300866369 0.146757679180887 0.352192176424258 0.137043843528485
0.549473684210526 0.0352941176470588 0.393808049535604 0.0214241486068111
0.0223776223776224 0.00990675990675991 0.887762237762238 0.0799533799533799
0.010166938621815 0.00715451236349944 0.956068783732898 0.0266097652817874
0.00351246926589392 0.0307926472310034 0.0738789368926355 0.891815946610467
0.00124547101449275 0.862432065217391 0.0665760869565217 0.0697463768115942
0.823192478115206 0.0418242732086891 0.121149897330595 0.0138333513455096
0.199711134453782 0.298581932773109 0.290441176470588 0.211265756302521
0.00900443880786303 0.430691185795815 0.024857324032974 0.535447051363348
0.0584138395866097 0.0851494046281734 0.855650415636936 0.000786340148281285
0.856612685560054 0.107174988753936 0.0287899235267656 0.00742240215924426
0.0600961538461538 0.915504807692308 0.0 0.0243990384615385
0.0847594819611471 0.880781683626272 0.010522664199815 0.023936170212766
0.0122899423125157 0.398043641835967 0.0324805618259343 0.557185854025583
0.121176316134961 0.386897728764605 0.123408165944598 0.368517789155836
