>M05761_2.00_SOX10_Homo_sapiens
0.491788152795719 0.167558590145783 0.177338992434028 0.163314264624469
0.959668707238027 0.0 0.00072020165646381 0.0396110911055095
0.0 0.969443433975991 0.0138232084394325 0.0167333575845762
0.998501311352566 0.0 0.00112401648557512 0.000374672161858374
0.945706174591909 0.0138396025550035 0.0397444996451384 0.0007097232079489
0.147190008920607 0.0231935771632471 0.0371691941718704 0.792447219744276
0.297824456114029 0.0870217554388597 0.557389347336834 0.0577644411102776
0.250281425891182 0.219512195121951 0.427767354596623 0.102439024390244
0.299699924981245 0.273818454613653 0.229182295573893 0.197299324831208
0.20750469043152 0.227392120075047 0.268292682926829 0.296810506566604
0.103603603603604 0.42454954954955 0.222222222222222 0.249624624624625
0.0566604127579737 0.568855534709193 0.0881801125703565 0.286303939962477
0.795284989555357 0.0325276037003879 0.0256639809012235 0.146523425843032
0.0014149274849664 0.0353731871241599 0.0205164485320127 0.942695436858861
0.0 0.0 0.000749906261717285 0.999250093738283
0.0161645848640705 0.00477590007347539 0.979059515062454 0.0
0.0357917570498915 0.000723065798987708 0.0 0.963485177151121
0.165057387502277 0.192202586992166 0.157223537985061 0.485516487520496
