>M05813_2.00_TBX20_Homo_sapiens
0.302305836089016 0.107650370899991 0.38622754491018 0.203816248100813
0.841437296739906 0.00170540176092647 0.129253589275799 0.027603712223368
0.0661740824943163 0.0234248132510555 0.878856771679117 0.0315443325755115
0.000756126851398835 0.00217942445403194 0.994484721789797 0.00257972690477249
0.000310201187627404 0.00700168394930426 0.00199415049189045 0.990693964371178
0.00124866214769889 0.00022297538351766 0.997145915090974 0.00138244737780949
0.0433920977664011 0.0246067462119648 0.0190330704760332 0.912968085545601
0.0302962655866314 0.0725196925726313 0.678827693975827 0.218356347864911
0.98451862602806 0.000131943528169943 0.00936799050006597 0.00598143994370409
0.608048494081056 0.0218985051889936 0.288298581357707 0.0817544193722429
0.0947979744325224 0.194695279577889 0.668118559439074 0.0423881865505152
0.000653381247958184 0.0261352499183273 0.89937928781444 0.0738320810192747
0.0024069762853648 0.216193820778913 0.00102592431835221 0.78037327861737
0.000312527904277168 0.000312527904277168 0.99879453522636 0.000580408965086168
0.0321762627312409 0.0510912492205363 0.0102265641238828 0.90650592392434
0.013730224512595 0.112220260189556 0.738981584921979 0.135067930375869
0.993685240361098 0.0 0.00395784230888958 0.0023569173300129
0.681009830205541 0.0690348525469169 0.109740840035746 0.140214477211796
