>M05812_2.00_T_Homo_sapiens
0.155335107669973 0.0723445439148318 0.180740382288894 0.5915799661263
0.00838574423480084 0.0214302352667133 0.00908455625436757 0.961099464244118
0.201371346084446 0.666365932876218 0.103392277156261 0.0288704438830747
0.661673364998173 0.0177201315308732 0.293386919985385 0.0272195834855681
0.00407576120834332 0.99112922560537 0.000479501318628626 0.00431551186765764
0.868358786835879 0.00215100021510002 0.129490212949021 0.0
0.0505836575875486 0.701871410042616 0.034278302760793 0.213266629609042
0.172797676669894 0.434414327202323 0.31026137463698 0.0825266214908035
0.091710758377425 0.0919067215363512 0.0507544581618656 0.765628061924358
0.79270480366753 0.0446481961331473 0.0833167231413195 0.0793302770580028
0.068973862536302 0.330832526621491 0.404888673765731 0.195304937076476
0.209116809116809 0.0300094966761633 0.711870845204179 0.049002849002849
0.0 0.121871599564744 0.00130576713819369 0.876822633297062
0.00790419161676647 0.00311377245508982 0.988982035928144 0.0
0.0285350781533988 0.29807342784442 0.0185387131952017 0.654852780806979
0.0304832713754647 0.0970260223048327 0.676208178438662 0.196282527881041
0.947489636112391 0.0103638876093966 0.0276370336250576 0.0145094426531552
0.584704743465634 0.176911907066796 0.0863988383349468 0.151984511132623
