>M05882_2.00_RXRA_Homo_sapiens
0.279 0.216 0.387 0.118
0.481 0.038 0.457 0.024
0.095 0.049 0.759 0.097
0.044 0.046 0.676 0.234
0.027 0.074 0.179 0.72
0.1 0.517 0.177 0.206
0.862 0.011 0.066 0.061
0.696 0.067 0.162 0.075
0.739 0.015 0.236 0.01
0.076 0.021 0.869 0.033
0.012 0.007 0.771 0.21
0.022 0.018 0.228 0.732
0.037 0.651 0.098 0.213
0.643 0.085 0.219 0.053
0.37 0.283 0.121 0.226
