>M07581_2.00_ZNF484_Homo_sapiens
0.0992991 0.286215 0.23014 0.384346
0.174065 0.412383 0.178738 0.234813
0.0759346 0.463785 0.290888 0.169393
0.0712617 0.76285 0.010514 0.155374
0.192757 0.482477 0.0759346 0.248832
0.16472 0.113318 0.127336 0.594626
0.00116822 0.192757 0.692757 0.113318
0.00116822 0.188084 0.0525701 0.758178
0.0198598 0.0432243 0.557243 0.379673
0.00584112 0.968458 0.00116822 0.0245327
0.127336 0.393692 0.0712617 0.40771
0.0338785 0.309579 0.225467 0.431075
0.0665888 0.912383 0.00116822 0.0198598
0.328271 0.0946262 0.0759346 0.501168
0.0946262 0.375 0.272196 0.258178
0.00584112 0.155374 0.0198598 0.818925
0.00116822 0.790888 0.00116822 0.206776
0.0338785 0.851636 0.00116822 0.113318
0.169393 0.463785 0.0806075 0.286215
0.0525701 0.445093 0.0759346 0.426402
0.117991 0.34229 0.192757 0.346963
