>M07576_2.00_ZNF549_Homo_sapiens
0.106698 0.0506231 0.19081 0.651869
0.0257009 0.0101246 0.963396 0.000778816
0.0101246 0.982087 0.00389408 0.00389408
0.0194704 0.038162 0.0163551 0.926012
0.000778816 0.00389408 0.994548 0.000778816
0.000778816 0.944704 0.0288162 0.0257009
0.000778816 0.994548 0.000778816 0.00389408
0.0101246 0.885514 0.000778816 0.103583
0.617601 0.0194704 0.246885 0.116044
0.66433 0.0101246 0.306075 0.0194704
0.0506231 0.147196 0.00700935 0.795171
0.0630841 0.0911215 0.0942368 0.751558
0.0693146 0.807632 0.0880062 0.0350467
0.745327 0.203271 0.0163551 0.0350467
0.0101246 0.0194704 0.000778816 0.969626
