>M07671_2.00_ZNF93_Homo_sapiens
0.236405 0.166918 0.375378 0.221299
0.191088 0.245468 0.369335 0.194109
0.233384 0.384441 0.191088 0.191088
0.194109 0.157855 0.317976 0.33006
0.106495 0.251511 0.481118 0.160876
0.151813 0.53852 0.172961 0.136707
0.172961 0.191088 0.233384 0.402568
0.136707 0.212236 0.453927 0.19713
0.106495 0.384441 0.245468 0.263595
0.16994 0.417674 0.269637 0.142749
0.160876 0.484139 0.124622 0.230363
0.182024 0.163897 0.185045 0.469033
0.112538 0.097432 0.680514 0.109517
0.00981873 0.913142 0.0460725 0.0309668
0.574773 0.11858 0.0581571 0.248489
0.188066 0.0370091 0.753021 0.0219033
0.0309668 0.916163 0.0309668 0.0219033
0.583837 0.230363 0.00981873 0.175982
0.369335 0.0883686 0.484139 0.0581571
0.0430514 0.348187 0.393505 0.215257
0.097432 0.345166 0.426737 0.130665
0.248489 0.188066 0.293807 0.269637
0.0853474 0.617069 0.124622 0.172961
0.179003 0.0490937 0.127644 0.64426
0.0883686 0.0490937 0.831571 0.0309668
0.106495 0.85574 0.00981873 0.0279456
0.0913897 0.136707 0.0430514 0.728852
0.16994 0.0339879 0.653323 0.142749
0.148792 0.768127 0.00981873 0.0732628
0.0430514 0.278701 0.0128399 0.665408
0.299849 0.0853474 0.396526 0.218278
0.0611782 0.604985 0.0793051 0.254532
0.103474 0.713746 0.0611782 0.121601
0.194109 0.290785 0.142749 0.372356
0.163897 0.375378 0.182024 0.278701
0.194109 0.272659 0.203172 0.33006
0.200151 0.269637 0.327039 0.203172
0.16994 0.390483 0.22432 0.215257
0.142749 0.348187 0.260574 0.248489
