>M07611_2.00_ZNF12_Homo_sapiens
0.00925926 0.401852 0.209259 0.37963
0.253704 0.268519 0.209259 0.268519
0.00185185 0.416667 0.157407 0.424074
0.112963 0.224074 0.135185 0.527778
0.00925926 0.424074 0.0611111 0.505556
0.00185185 0.431481 0.542593 0.0240741
0.00185185 0.209259 0.0166667 0.772222
0.00185185 0.461111 0.00185185 0.535185
0.268519 0.17963 0.312963 0.238889
0.0537037 0.624074 0.0981481 0.224074
0.438889 0.15 0.187037 0.224074
0.00185185 0.0240741 0.92037 0.0537037
0.0314815 0.964815 0.00185185 0.00185185
0.498148 0.231481 0.127778 0.142593
0.0314815 0.0833333 0.838889 0.0462963
0.00185185 0.97963 0.00925926 0.00925926
0.253704 0.157407 0.201852 0.387037
0.12037 0.290741 0.475926 0.112963
