>M07620_2.00_ZNF558_Homo_sapiens
0.158654 0.185577 0.0394231 0.616346
0.150962 0.0355769 0.3125 0.500962
0.0971154 0.0201923 0.797115 0.0855769
0.2125 0.0971154 0.585577 0.104808
0.854808 0.0317308 0.0971154 0.0163462
0.0355769 0.254808 0.0240385 0.685577
0.189423 0.404808 0.104808 0.300962
0.0163462 0.0317308 0.000961538 0.950962
0.0740385 0.000961538 0.908654 0.0163462
0.0471154 0.120192 0.135577 0.697115
0.3625 0.0894231 0.520192 0.0278846
0.0701923 0.0240385 0.766346 0.139423
0.531731 0.120192 0.250962 0.0971154
0.0740385 0.0778846 0.0817308 0.766346
0.0817308 0.0894231 0.243269 0.585577
0.0778846 0.531731 0.193269 0.197115
0.781731 0.0317308 0.177885 0.00865385
0.0663462 0.0432692 0.131731 0.758654
0.185577 0.124038 0.577885 0.1125
0.0855769 0.343269 0.0201923 0.550962
0.0201923 0.908654 0.0201923 0.0509615
0.00865385 0.239423 0.00480769 0.747115
0.0625 0.104808 0.1625 0.670192
0.0971154 0.185577 0.0971154 0.620192
0.174038 0.743269 0.0509615 0.0317308
0.850962 0.0394231 0.0586538 0.0509615
0.0740385 0.108654 0.174038 0.643269
