>M07618_2.00_ZNF701_Homo_sapiens
0.00112613 0.978604 0.0101351 0.0101351
0.00112613 0.870495 0.00112613 0.127252
0.10473 0.352477 0.0822072 0.460586
0.154279 0.23536 0.0822072 0.528153
0.257883 0.100225 0.190315 0.451577
0.203829 0.109234 0.622748 0.0641892
0.163288 0.275901 0.559685 0.00112613
0.00112613 0.0686937 0.0101351 0.920045
0.0416667 0.0281532 0.627252 0.302928
0.00563063 0.974099 0.0146396 0.00563063
0.00563063 0.0281532 0.00112613 0.96509
0.00112613 0.983108 0.00112613 0.0146396
