>M07664_2.00_ZNF716_Homo_sapiens
0.477594 0.166274 0.0389151 0.317217
0.633255 0.133255 0.0436321 0.189858
0.227594 0.0153302 0.274764 0.482311
0.21816 0.194575 0.288915 0.298349
0.067217 0.288915 0.0389151 0.604953
0.0106132 0.298349 0.0341981 0.65684
0.246462 0.288915 0.199292 0.26533
0.35967 0.378538 0.21816 0.0436321
0.137972 0.053066 0.00117925 0.807783
0.642689 0.321934 0.0294811 0.00589623
0.0200472 0.00117925 0.00117925 0.977594
0.00117925 0.00117925 0.00117925 0.996462
0.00117925 0.0200472 0.0294811 0.949292
0.00589623 0.935142 0.00117925 0.057783
0.0908019 0.614387 0.00117925 0.293632
