>M07651_2.00_ZNF454_Homo_sapiens
0.083333 0.694444 0.111111 0.111111
0.333333 0.027778 0.527778 0.111111
0.083333 0.0 0.472222 0.444444
0.5 0.166667 0.277778 0.055556
0.416667 0.388889 0.166667 0.027778
0.583333 0.0 0.416667 0.0
0.194444 0.5 0.083333 0.222222
0.083333 0.777778 0.138889 0.0
0.111111 0.638889 0.111111 0.138889
0.361111 0.388889 0.194444 0.055556
0.055556 0.5 0.138889 0.305556
0.166667 0.722222 0.083333 0.027778
0.472222 0.083333 0.388889 0.055556
0.0 0.027778 0.916667 0.055556
0.083333 0.0 0.75 0.166667
0.166667 0.166667 0.583333 0.083333
0.0 0.972222 0.027778 0.0
0.0 0.888889 0.027778 0.083333
0.083333 0.416667 0.277778 0.222222
0.25 0.194444 0.444444 0.111111
0.027778 0.0 0.972222 0.0
0.888889 0.0 0.111111 0.0
0.083333 0.0 0.916667 0.0
0.0 0.944444 0.027778 0.027778
0.027778 0.888889 0.0 0.083333
0.277778 0.138889 0.138889 0.444444
0.083333 0.083333 0.194444 0.638889
0.027778 0.194444 0.111111 0.666667
0.0 0.222222 0.305556 0.472222
