>M07692_2.00_ZNF567_Homo_sapiens
0.0720339 0.665254 0.0889831 0.173729
0.75 0.0550847 0.0720339 0.122881
0.0720339 0.292373 0.00423729 0.631356
0.0381356 0.682203 0.0211864 0.258475
0.0211864 0.122881 0.139831 0.716102
0.0889831 0.377119 0.377119 0.15678
0.512712 0.00423729 0.139831 0.34322
0.139831 0.0550847 0.529661 0.275424
0.0720339 0.0550847 0.580508 0.292373
0.105932 0.0550847 0.682203 0.15678
0.00423729 0.258475 0.00423729 0.733051
0.0211864 0.919492 0.0381356 0.0211864
0.122881 0.122881 0.00423729 0.75
0.190678 0.0381356 0.411017 0.360169
0.0889831 0.512712 0.122881 0.275424
0.0381356 0.0550847 0.0211864 0.885593
0.00423729 0.0550847 0.00423729 0.936441
0.105932 0.258475 0.241525 0.394068
0.0889831 0.00423729 0.0381356 0.868644
0.529661 0.0720339 0.275424 0.122881
0.122881 0.122881 0.173729 0.580508
0.258475 0.15678 0.105932 0.478814
0.0889831 0.0889831 0.461864 0.360169
0.444915 0.0889831 0.173729 0.292373
0.139831 0.360169 0.190678 0.309322
0.105932 0.139831 0.241525 0.512712
0.0889831 0.122881 0.461864 0.326271
0.0889831 0.0381356 0.275424 0.597458
0.0381356 0.122881 0.0381356 0.800847
0.207627 0.0889831 0.190678 0.512712
