>M07676_2.00_ZNF267_Homo_sapiens
0.025 0.74881 0.139286 0.0869048
0.20119 0.520238 0.0678571 0.210714
0.0678571 0.205952 0.272619 0.453571
0.0107143 0.977381 0.00119048 0.0107143
0.0297619 0.396429 0.0869048 0.486905
0.0297619 0.358333 0.425 0.186905
0.00119048 0.982143 0.00119048 0.0154762
0.596429 0.158333 0.177381 0.0678571
0.0107143 0.810714 0.144048 0.0345238
0.510714 0.34881 0.0297619 0.110714
0.144048 0.158333 0.382143 0.315476
0.0964286 0.0916667 0.810714 0.00119048
0.00119048 0.958333 0.0392857 0.00119048
0.0107143 0.982143 0.00119048 0.00595238
0.0821429 0.225 0.439286 0.253571
0.0440476 0.239286 0.386905 0.329762
0.14881 0.482143 0.158333 0.210714
0.482143 0.110714 0.320238 0.0869048
0.0107143 0.215476 0.629762 0.144048
0.0535714 0.296429 0.477381 0.172619
0.286905 0.282143 0.282143 0.14881
