>M07684_2.00_ZNF197_Homo_sapiens
0.00101626 0.553862 0.102642 0.34248
0.00101626 0.444106 0.175813 0.379065
0.0050813 0.204268 0.240854 0.549797
0.0538618 0.244919 0.468496 0.232724
0.0172764 0.346545 0.139228 0.496951
0.074187 0.253049 0.114837 0.557927
0.0416667 0.533537 0.074187 0.35061
0.00101626 0.33435 0.0050813 0.659553
0.00101626 0.00914634 0.0376016 0.952236
0.00101626 0.0457317 0.89126 0.0619919
0.41565 0.131098 0.0416667 0.411585
0.00101626 0.988821 0.00914634 0.00101626
0.00101626 0.38313 0.00101626 0.614837
0.00101626 0.309959 0.00101626 0.688008
0.0132114 0.248984 0.00101626 0.736789
