>M07737_2.00_ZNF667_Homo_sapiens
0.084746 0.0 0.847458 0.067797
0.237288 0.305085 0.338983 0.118644
0.0 0.0 0.288136 0.711864
0.016949 0.0 0.983051 0.0
0.881356 0.0 0.101695 0.016949
0.0 0.0 1.0 0.0
0.016949 0.966102 0.0 0.016949
0.016949 0.016949 0.0 0.966102
0.0 0.627119 0.0 0.372881
0.135593 0.118644 0.101695 0.644068
0.084746 0.033898 0.0 0.881356
0.813559 0.033898 0.101695 0.050847
0.847458 0.152542 0.0 0.0
0.254237 0.0 0.661017 0.084746
0.0 0.0 1.0 0.0
0.0 0.762712 0.220339 0.016949
0.050847 0.932203 0.0 0.016949
0.610169 0.152542 0.0 0.237288
0.050847 0.813559 0.084746 0.050847
0.440678 0.152542 0.169492 0.237288
0.20339 0.152542 0.389831 0.254237
0.237288 0.20339 0.271186 0.288136
0.152542 0.389831 0.254237 0.20339
0.101695 0.288136 0.20339 0.40678
0.169492 0.220339 0.288136 0.322034
0.186441 0.288136 0.254237 0.271186
0.050847 0.254237 0.474576 0.220339
