>M07726_2.00_ZNF433_Homo_sapiens
0.982781 0.000637755 0.00829082 0.00829082
0.000637755 0.98023 0.00829082 0.0108418
0.0133929 0.408801 0.000637755 0.577168
0.640944 0.0414541 0.286352 0.03125
0.115434 0.434311 0.339923 0.110332
0.194515 0.033801 0.0542092 0.717474
0.143495 0.000637755 0.822066 0.033801
0.03125 0.25574 0.03125 0.68176
0.419005 0.000637755 0.559311 0.0210459
0.390944 0.00318878 0.592474 0.0133929
0.00829082 0.000637755 0.00318878 0.987883
0.544005 0.347577 0.026148 0.0822704
0.852679 0.028699 0.0873724 0.03125
0.00318878 0.304209 0.000637755 0.691964
0.000637755 0.161352 0.0057398 0.83227
