>M07778_2.00_ZNF224_Homo_sapiens
0.11788 0.181171 0.0957278 0.605222
0.329905 0.0925633 0.108386 0.469146
0.203323 0.25712 0.0672468 0.47231
0.386867 0.329905 0.165348 0.11788
0.288766 0.592563 0.0166139 0.102057
0.0767405 0.434335 0.0482595 0.440665
0.124209 0.421677 0.0292722 0.424842
0.184335 0.288766 0.15269 0.374209
0.11788 0.225475 0.564082 0.0925633
0.317247 0.0609177 0.500791 0.121044
0.1875 0.0988924 0.352057 0.361551
0.149525 0.0292722 0.491297 0.329905
0.130538 0.545095 0.162184 0.162184
0.200158 0.579905 0.111551 0.108386
0.665348 0.130538 0.0514241 0.15269
0.0134494 0.494462 0.0387658 0.453323
0.40269 0.0482595 0.136867 0.412184
0.0324367 0.241297 0.190665 0.535601
0.0419304 0.225475 0.719146 0.0134494
0.896361 0.0197785 0.0356013 0.0482595
0.184335 0.513449 0.0197785 0.282437
0.0482595 0.0893987 0.0261076 0.836234
0.0039557 0.665348 0.000791139 0.329905
0.269778 0.453323 0.206487 0.0704114
0.304589 0.61788 0.0609177 0.0166139
0.0988924 0.0039557 0.0197785 0.877373
0.0356013 0.0324367 0.465981 0.465981
0.253956 0.250791 0.443829 0.0514241
0.0735759 0.282437 0.608386 0.0356013
0.314082 0.573576 0.0450949 0.0672468
0.0514241 0.108386 0.000791139 0.839399
0.33307 0.225475 0.0577532 0.383703
0.551424 0.301424 0.022943 0.124209
0.595728 0.25712 0.0577532 0.0893987
0.282437 0.114715 0.519778 0.0830696
0.0925633 0.383703 0.022943 0.500791
