>M07708_2.00_ZNF136_Homo_sapiens
0.261677 0.0366242 0.416667 0.285032
0.0451168 0.257431 0.0684713 0.628981
0.0451168 0.079087 0.0281316 0.847665
0.0153928 0.0238854 0.0153928 0.945329
0.00477707 0.0663482 0.00265393 0.926221
0.104565 0.0175159 0.815817 0.0621019
0.0153928 0.868896 0.0281316 0.0875796
0.0217622 0.0493631 0.00690021 0.921975
0.0621019 0.00477707 0.89862 0.0345011
0.11518 0.0302548 0.832803 0.0217622
0.537686 0.0238854 0.416667 0.0217622
0.0153928 0.113057 0.0175159 0.854034
0.926221 0.00902335 0.0493631 0.0153928
0.0748408 0.208599 0.0111465 0.705414
0.943206 0.00477707 0.0429936 0.00902335
0.142781 0.0323779 0.811571 0.0132696
0.423036 0.0429936 0.0960722 0.437898
0.962314 0.0132696 0.0217622 0.00265393
0.0153928 0.0175159 0.0153928 0.951699
0.0111465 0.0345011 0.0217622 0.93259
0.0132696 0.875265 0.0153928 0.0960722
0.0175159 0.0493631 0.0175159 0.915605
0.151274 0.0705945 0.132166 0.645966
0.159766 0.00477707 0.788217 0.0472399
0.0196391 0.000530786 0.970807 0.00902335
0.0621019 0.127919 0.00902335 0.800955
0.0238854 0.0281316 0.0302548 0.917728
