>M07869_2.00_CTCF_Homo_sapiens
0.054 0.304 0.568 0.074
0.012 0.652 0.024 0.312
0.052 0.026 0.804 0.118
0.034 0.804 0.05 0.112
0.006 0.982 0.004 0.008
0.282 0.644 0.032 0.042
0.008 0.592 0.012 0.388
0.002 0.998 0.0 0.0
0.022 0.05 0.018 0.91
0.288 0.074 0.53 0.108
0.02 0.336 0.622 0.022
0.09 0.214 0.024 0.672
0.008 0.0 0.99 0.002
0.048 0.034 0.856 0.062
0.134 0.602 0.066 0.198
