>M07881_2.00_CTCF_Homo_sapiens
0.006224 0.622407 0.014523 0.356846
0.082987917012083 0.0082989917010083 0.84024815975184 0.0684649315350685
0.051867 0.813278 0.039419 0.095436
0.0 0.995851 0.004149 0.0
0.369294630705369 0.582987417012583 0.0248959751040249 0.0228219771780228
0.0103730103730104 0.578838578838579 0.00622400622400622 0.404564404564405
0.0 1.0 0.0 0.0
0.037344 0.053942 0.014523 0.894191
0.259336259336259 0.0767630767630768 0.576763576763577 0.0871370871370871
0.010373 0.319502 0.649378 0.020747
0.0746889253110747 0.201244798755201 0.0082989917010083 0.715767284232716
0.0 0.0 1.0 0.0
0.0352699647300353 0.0518669481330519 0.82987517012483 0.082987917012083
0.141079 0.574689 0.085062 0.19917
0.182573 0.485477 0.16805 0.1639
