>M07814_2.00_JUND_Homo_sapiens
0.248421 0.147368 0.357895 0.246316
0.414737 0.296842 0.157895 0.130526
0.075789 0.046316 0.016842 0.861053
0.0 0.077895 0.783158 0.138947
0.991578008421992 0.00421099578900421 0.0 0.00421099578900421
0.025263 0.456842 0.448421 0.069474
0.012632 0.0 0.0 0.987368
0.113684 0.863158 0.016842 0.006316
1.0 0.0 0.0 0.0
0.202105202105202 0.0189470189470189 0.0484210484210484 0.73052673052673
0.517894482105518 0.0947369052630947 0.0147369852630147 0.372631627368373
0.273684 0.208421 0.086316 0.431579
0.147368 0.389474 0.109474 0.353684
0.258947 0.094737 0.44 0.206316
0.513684 0.075789 0.269474 0.141053
0.456842 0.046316 0.334737 0.162105
0.787368 0.109474 0.046316 0.056842
0.261052738947261 0.292631707368293 0.282104717895282 0.164210835789164
0.208421 0.185263 0.096842 0.509474
