>M07879_2.00_CTCF_Homo_sapiens
0.036072 0.240481 0.661323 0.062124
0.02004 0.733467 0.012024 0.234469
0.0480960480960481 0.018036018036018 0.85971985971986 0.0741480741480742
0.0440880440880441 0.817635817635818 0.0340680340680341 0.104208104208104
0.004008 0.985972 0.002004 0.008016
0.238477 0.655311 0.066132 0.04008
0.008016 0.653307 0.01002 0.328657
0.006012 0.985972 0.004008 0.004008
0.014028 0.07014 0.022044 0.893788
0.252505252505252 0.0601200601200601 0.615230615230615 0.0721440721440721
0.01002 0.336673 0.625251 0.028056
0.0841680841680842 0.278557278557279 0.02004002004002 0.617234617234617
0.004008 0.002004 0.985972 0.008016
0.028056 0.034068 0.883768 0.054108
0.116232116232116 0.611222611222611 0.0741480741480741 0.198397198397198
