>M07880_2.00_CTCF_Homo_sapiens
0.081081 0.012474 0.823285 0.08316
0.029106 0.81289 0.047817 0.110187
0.0 0.997921 0.002079 0.0
0.345114 0.586279 0.04158 0.027027
0.008316 0.569647 0.004158 0.417879
0.0 0.997921 0.0 0.002079
0.022869 0.064449 0.024948 0.887734
0.297297 0.054054 0.54262 0.106029
0.008316 0.330561 0.632017 0.029106
0.08316 0.172557 0.02079 0.723493
0.0 0.0 1.0 0.0
0.031185 0.035343 0.852391 0.081081
0.120582 0.573805 0.070686 0.234927
0.185031185031185 0.461538461538462 0.174636174636175 0.178794178794179
0.415800415800416 0.135135135135135 0.363825363825364 0.0852390852390852
