>M07929_2.00_EGR1_Homo_sapiens
0.139394139394139 0.462626462626463 0.244444244444244 0.153535153535154
0.151514848485152 0.456565543434457 0.226262773737226 0.165656834343166
0.127272872727127 0.460605539394461 0.256565743434257 0.155555844444156
0.169697 0.442424 0.230303 0.157576
0.171717 0.482828 0.177778 0.167677
0.181818 0.355556 0.294949 0.167677
0.10101 0.488889 0.250505 0.159596
0.169697 0.444444 0.187879 0.19798
0.135353864646135 0.3999996000004 0.216161783838216 0.248484751515248
0.183838 0.739394 0.008081 0.068687
0.00404 0.979798 0.0 0.016162
0.197979802020198 0.0 0.696969303030697 0.105050894949105
0.0 1.0 0.0 0.0
0.0 0.99798 0.00202 0.0
0.0 0.951515 0.0 0.048485
0.515151484848515 0.476767523232477 0.00808099191900808 0.0
0.0 0.99798 0.00202 0.0
0.070707 0.006061 0.80202 0.121212
0.0 0.903030903030903 0.0424240424240424 0.0545450545450546
0.406061 0.292929 0.171717 0.129293
