>M07983_2.00_SRF_Homo_sapiens
0.190231 0.347044 0.187661 0.275064
0.439589 0.213368 0.156812 0.190231
0.18509 0.125964 0.107969 0.580977
0.128535 0.131105 0.437018 0.303342
0.22365 0.303342 0.244216 0.228792
0.00257099742900257 0.976863023136977 0.00257099742900257 0.017994982005018
0.0 0.920308 0.0 0.079692
0.748072748072748 0.0462720462720463 0.0154240154240154 0.19023119023119
0.465295534704465 0.017994982005018 0.0205659794340206 0.496143503856496
0.976864 0.005141 0.010283 0.007712
0.305912694087306 0.0514139485860514 0.0 0.642673357326643
0.897172 0.015424 0.017995 0.069409
0.673522 0.015424 0.017995 0.293059
0.020566 0.0 0.979434 0.0
0.00514100514100514 0.0 0.98971798971799 0.00514100514100514
0.329049 0.349614 0.192802 0.128535
0.508997 0.262211 0.154242 0.07455
0.51928 0.11054 0.187661 0.182519
