>M07989_2.00_ESRRA_Homo_sapiens
0.214123 0.375854 0.193622 0.216401
0.218679 0.398633 0.138952 0.243736
0.628701371298629 0.041001958998041 0.248291751708248 0.082004917995082
0.045558 0.002278 0.758542 0.193622
0.0 0.0 1.0 0.0
0.013667 0.013667 0.056948 0.915718
0.0 0.963553036446964 0.0296129703870296 0.00683399316600683
0.986333 0.0 0.013667 0.0
0.109339 0.412301 0.318907 0.159453
0.268793 0.318907 0.250569 0.161731
0.216401 0.332574 0.275626 0.175399
0.09795 0.14123 0.013667 0.747153
0.125284874715125 0.0296129703870296 0.838268161731838 0.00683399316600683
0.514806514806515 0.255125255125255 0.0751710751710752 0.154897154897155
0.0592259407740592 0.797266202733797 0.0387239612760387 0.104783895216105
0.034169 0.874715 0.0 0.091116
0.0182230182230182 0.33029633029633 0.0660590660590661 0.585421585421585
0.177676822323178 0.177676822323178 0.30979469020531 0.334851665148335
0.227790227790228 0.205011205011205 0.371298371298371 0.195900195900196
