>M07913_2.00_CTCF_Homo_sapiens
0.052 0.324 0.56 0.064
0.026 0.642 0.024 0.308
0.064 0.044 0.796 0.096
0.04 0.802 0.056 0.102
0.0 0.994 0.0 0.006
0.264 0.674 0.04 0.022
0.004 0.606 0.002 0.388
0.0 0.998 0.002 0.0
0.036 0.062 0.01 0.892
0.28 0.094 0.546 0.08
0.018 0.348 0.622 0.012
0.08 0.2 0.042 0.678
0.008 0.004 0.976 0.012
0.028 0.062 0.844 0.066
0.124 0.584 0.078 0.214
