>M07915_2.00_CTCF_Homo_sapiens
0.058 0.318 0.226 0.398
0.456 0.078 0.328 0.138
0.046 0.384 0.454 0.116
0.018 0.462 0.012 0.508
0.104 0.022 0.78 0.094
0.086 0.764 0.036 0.114
0.006 0.978 0.0 0.016
0.462 0.478 0.032 0.028
0.008 0.508 0.01 0.474
0.008 0.982 0.0 0.01
0.036 0.036 0.016 0.912
0.43 0.04 0.372 0.158
0.028 0.268 0.668 0.036
0.068 0.096 0.006 0.83
0.014 0.0 0.98 0.006
0.036 0.028 0.858 0.078
0.122 0.464 0.07 0.344
0.252 0.376 0.172 0.2
0.504 0.1 0.28 0.116
0.31 0.204 0.228 0.258
0.368 0.202 0.164 0.266
