>M07920_2.00_CTCF_Homo_sapiens
0.410638 0.076596 0.370213 0.142553
0.031915 0.368085 0.517021 0.082979
0.0127659872340128 0.534042465957534 0.0127659872340128 0.44042555957444
0.0957449042550957 0.00851099148900851 0.7999992000008 0.0957449042550957
0.042553 0.808511 0.029787 0.119149
0.006383 0.989362 0.0 0.004255
0.372340372340372 0.553191553191553 0.0297870297870298 0.0446810446810447
0.010638 0.519149 0.012766 0.457447
0.0 0.997872 0.0 0.002128
0.0446809553190447 0.0446809553190447 0.0212769787230213 0.889361110638889
0.382979 0.042553 0.397872 0.176596
0.02766 0.287234 0.63617 0.048936
0.082979 0.104255 0.029787 0.782979
0.006383 0.0 0.993617 0.0
0.0446809553190447 0.0382979617020383 0.834042165957834 0.082978917021083
0.134043 0.531915 0.061702 0.27234
0.242553242553243 0.404255404255404 0.161702161702162 0.191489191489191
0.480851 0.110638 0.308511 0.1
