>M07911_2.00_CTCF_Homo_sapiens
0.383529 0.075294 0.449412 0.091765
0.04000004000004 0.277647277647278 0.621176621176621 0.0611760611760612
0.0141179858820141 0.642352357647642 0.0117649882350118 0.331764668235332
0.054118 0.028235 0.828235 0.089412
0.044706 0.870588 0.032941 0.051765
0.0 0.995294 0.004706 0.0
0.315294 0.611765 0.035294 0.037647
0.004706 0.663529 0.002353 0.329412
0.0 1.0 0.0 0.0
0.0282350282350282 0.0635290635290635 0.0211760211760212 0.887059887059887
0.24 0.084706 0.550588 0.124706
0.016471 0.331765 0.623529 0.028235
0.098824 0.207059 0.030588 0.663529
0.0 0.0 1.0 0.0
0.044706 0.054118 0.837647 0.063529
0.110588110588111 0.588235588235588 0.072941072941073 0.228235228235228
0.178823821176179 0.454117545882454 0.1999998000002 0.167058832941167
0.402353 0.117647 0.376471 0.103529
