>M07908_2.00_CTCF_Homo_sapiens
0.210752789247211 0.292472707527292 0.234408765591234 0.262365737634262
0.298924701075299 0.33978466021534 0.270967729032271 0.0903229096770903
0.034409 0.417204 0.251613 0.296774
0.374193625806374 0.122580877419123 0.384945615054385 0.118279881720118
0.043011 0.262366 0.64086 0.053763
0.0 0.698925 0.012903 0.288172
0.051613 0.008602 0.851613 0.088172
0.043011 0.864516 0.036559 0.055914
0.006452 0.989247 0.0 0.004301
0.294623705376295 0.634408365591634 0.0344089655910344 0.0365589634410366
0.008602 0.647312 0.006452 0.337634
0.0 1.0 0.0 0.0
0.0215050215050215 0.0537630537630538 0.0258060258060258 0.898925898925899
0.264516 0.08172 0.567742 0.086022
0.006452 0.32043 0.64086 0.032258
0.083871 0.309677 0.023656 0.582796
0.0 0.0 0.995699 0.004301
0.0322580322580323 0.0537630537630538 0.864516864516864 0.0494620494620495
0.135484 0.602151 0.077419 0.184946
0.152688 0.483871 0.206452 0.156989
0.382796 0.146237 0.393548 0.077419
