>M07950_2.00_ETS1_Homo_sapiens
0.0194809805190195 0.0324679675320325 0.922077077922922 0.025973974026026
0.038961 0.681818 0.188312 0.090909
0.38961 0.487013 0.045455 0.077922
0.0 0.266233733766266 0.0194809805190195 0.714285285714714
0.019481 0.220779 0.363636 0.396104
0.090909 0.720779 0.103896 0.084416
0.0 0.194805 0.012987 0.792208
0.006494 0.0 0.993506 0.0
0.0 0.0 1.0 0.0
0.051948 0.0 0.941558 0.006494
0.876622123377877 0.0324679675320325 0.0714289285710714 0.0194809805190195
0.474025525974474 0.149350850649149 0.279220720779279 0.0974029025970974
0.285714 0.116883 0.11039 0.487013
0.012987 0.064935 0.038961 0.883117
0.006494 0.012987 0.980519 0.0
0.00649399350600649 0.0519479480520519 0.0584419415580584 0.883116116883883
0.967532 0.0 0.025974 0.006494
0.0 0.0 0.993506 0.006494
0.0 0.0 0.019481 0.980519
0.00649399350600649 0.409090590909409 0.0194809805190195 0.564934435065565
0.0194809805190195 0.636363363636636 0.0324679675320325 0.311687688312312
