>M08272_2.00_ZNF263_Homo_sapiens
0.092593 0.398148 0.12037 0.388889
0.12037 0.37037 0.296296 0.212963
0.138889 0.425926 0.203704 0.231481
0.175926 0.361111 0.240741 0.222222
0.138889 0.342593 0.231481 0.287037
0.148148 0.407407 0.305556 0.138889
0.296296 0.046296 0.268519 0.388889
0.092593 0.481481 0.259259 0.166667
0.388889 0.305556 0.259259 0.046296
0.0 0.268519 0.731481 0.0
0.0 0.0 0.009259 0.990741
0.0 0.37037 0.62963 0.0
0.0 1.0 0.0 0.0
0.0 0.0 0.0 1.0
0.0 1.0 0.0 0.0
0.037037 0.953704 0.0 0.009259
0.037037 0.694444 0.037037 0.231481
0.185185 0.361111 0.111111 0.342593
0.138889 0.435185 0.324074 0.101852
0.092593 0.444444 0.111111 0.351852
0.138889 0.388889 0.212963 0.259259
