>M08265_2.00_ZNF136_Homo_sapiens
0.023529 0.073529 0.026471 0.876471
0.05 0.75 0.032353 0.167647
0.870588 0.032353 0.05 0.047059
0.029412 0.079412 0.067647 0.823529
0.088235 0.041176 0.082353 0.788235
0.020588 0.094118 0.020588 0.864706
0.152941 0.311765 0.032353 0.502941
0.008824 0.029412 0.020588 0.941176
0.132353 0.017647 0.832353 0.017647
0.947059 0.026471 0.011765 0.014706
0.908824 0.0 0.055882 0.035294
0.179412 0.017647 0.744118 0.058824
0.126471 0.094118 0.735294 0.044118
0.820588 0.041176 0.05 0.088235
0.041176 0.267647 0.023529 0.667647
0.85 0.020588 0.097059 0.032353
0.170588 0.029412 0.629412 0.170588
0.044118 0.385294 0.055882 0.514706
0.064706 0.076471 0.041176 0.817647
0.005882 0.029412 0.005882 0.958824
0.020588 0.067647 0.038235 0.873529
