>M08260_2.00_ZNF467_Homo_sapiens
0.045833 0.51875 0.095833 0.339583
0.03125 0.6 0.104167 0.264583
0.064583 0.525 0.027083 0.383333
0.0375 0.733333 0.0625 0.166667
0.052083 0.604167 0.022917 0.320833
0.06875 0.627083 0.039583 0.264583
0.05625 0.525 0.066667 0.352083
0.045833 0.68125 0.0625 0.210417
0.085417 0.6375 0.039583 0.2375
0.104167 0.645833 0.05625 0.19375
0.085417 0.385417 0.116667 0.4125
0.122917 0.345833 0.195833 0.335417
0.0375 0.604167 0.129167 0.229167
0.020833 0.764583 0.04375 0.170833
0.0 0.877083 0.022917 0.1
0.029167 0.85 0.004167 0.116667
0.060417 0.0 0.025 0.914583
0.0 0.914583 0.03125 0.054167
0.020833 0.9125 0.004167 0.0625
0.05 0.833333 0.014583 0.102083
0.047917 0.652083 0.077083 0.222917
