>M08280_2.00_ZNF324_Homo_sapiens
0.206473 0.143973 0.367188 0.282366
0.126116 0.0591518 0.675223 0.139509
0.59933 0.152902 0.233259 0.0145089
0.0546875 0.0323661 0.0234375 0.889509
0.00558036 0.63058 0.0145089 0.34933
0.639509 0.0457589 0.251116 0.0636161
0.81808 0.152902 0.0100446 0.0189732
0.746652 0.00558036 0.242188 0.00558036
0.00111607 0.996652 0.00111607 0.00111607
0.00111607 0.835938 0.00111607 0.16183
0.827009 0.0502232 0.0591518 0.0636161
0.188616 0.00558036 0.0502232 0.75558
0.00111607 0.987723 0.0100446 0.00111607
0.00111607 0.916295 0.0100446 0.0725446
0.0770089 0.206473 0.0323661 0.684152
