>M08284_2.00_ZNF213_Homo_sapiens
0.00868726 0.919884 0.0125483 0.0588803
0.000965251 0.112934 0.668919 0.217181
0.0241313 0.765444 0.166988 0.0434363
0.132239 0.688224 0.0395753 0.139961
0.0125483 0.000965251 0.962355 0.0241313
0.0241313 0.935328 0.0357143 0.00482625
0.000965251 0.993243 0.000965251 0.00482625
0.0125483 0.3639 0.0472973 0.576255
0.128378 0.120656 0.668919 0.0820463
0.398649 0.32529 0.228764 0.0472973
0.00868726 0.124517 0.506757 0.360039
0.000965251 0.0241313 0.329151 0.645753
0.000965251 0.0472973 0.00482625 0.946911
0.000965251 0.854247 0.000965251 0.143822
0.0781853 0.1361 0.290541 0.495174
