>M08291_2.00_ZNF419_Homo_sapiens
0.634615 0.113248 0.0363248 0.215812
0.472222 0.147436 0.0619658 0.318376
0.00213675 0.130342 0.130342 0.737179
0.326923 0.429487 0.181624 0.0619658
0.0448718 0.805556 0.00213675 0.147436
0.788462 0.0106838 0.00213675 0.198718
0.0534188 0.0363248 0.737179 0.173077
0.0192308 0.728632 0.0106838 0.241453
0.0876068 0.737179 0.00213675 0.173077
0.0106838 0.933761 0.00213675 0.0534188
0.173077 0.0619658 0.00213675 0.762821
0.540598 0.0277778 0.198718 0.232906
0.104701 0.0876068 0.532051 0.275641
0.651709 0.215812 0.0277778 0.104701
0.0448718 0.711538 0.0448718 0.198718
0.16453 0.0277778 0.0277778 0.779915
0.00213675 0.728632 0.00213675 0.267094
0.0192308 0.198718 0.00213675 0.779915
0.0705128 0.831197 0.0192308 0.0790598
0.155983 0.754274 0.0106838 0.0790598
0.241453 0.438034 0.00213675 0.318376
