>M08245_2.00_ZNF41_Homo_sapiens
0.013015 0.093275 0.017354 0.876356
0.060738 0.008677 0.744035 0.186551
0.0 0.0282 0.954447 0.017354
0.0 0.006508 0.0 0.993492
0.071584 0.093275 0.735358 0.099783
0.136659 0.388286 0.255965 0.219089
0.099783 0.492408 0.043384 0.364425
0.104121 0.195228 0.145336 0.555315
0.151844 0.206074 0.169197 0.472885
0.464208 0.101952 0.21692 0.21692
0.013015 0.43167 0.058568 0.496746
0.006508 0.036876 0.0 0.956616
0.002169 0.516269 0.004338 0.477223
0.05423 0.746204 0.062907 0.136659
0.0282 0.854664 0.002169 0.114967
