>M08239_2.00_ZNF574_Homo_sapiens
0.120823 0.313625 0.419023 0.14653
0.195373 0.190231 0.501285 0.113111
0.066838 0.017995 0.722365 0.192802
0.203085 0.596401 0.125964 0.07455
0.079692 0.817481 0.033419 0.069409
0.133676 0.159383 0.383033 0.323907
0.015424 0.902314 0.012853 0.069409
0.0 0.007712 0.020566 0.971722
0.0 0.992288 0.007712 0.0
0.0 0.0 0.0 1.0
0.794344 0.012853 0.172237 0.020566
0.0 0.03856 0.737789 0.22365
0.030848 0.44473 0.501285 0.023136
0.323907 0.501285 0.095116 0.079692
0.182519 0.298201 0.215938 0.303342
0.133676 0.311054 0.354756 0.200514
0.123393 0.475578 0.231362 0.169666
0.138817 0.33419 0.308483 0.218509
0.161954 0.298201 0.349614 0.190231
0.136247 0.264781 0.411311 0.187661
