>M08313_2.00_ZNF41_Homo_sapiens
0.245625 0.195625 0.160625 0.398125
0.180625 0.163125 0.460625 0.195625
0.248125 0.163125 0.405625 0.183125
0.183125 0.403125 0.175625 0.238125
0.195625 0.175625 0.133125 0.495625
0.115625 0.410625 0.245625 0.228125
0.085625 0.080625 0.080625 0.753125
0.095625 0.455625 0.150625 0.298125
0.170625 0.528125 0.173125 0.128125
0.078125 0.808125 0.023125 0.090625
0.118125 0.103125 0.020625 0.758125
0.068125 0.695625 0.120625 0.115625
0.758125 0.133125 0.063125 0.045625
0.010625 0.125625 0.008125 0.855625
0.048125 0.000625 0.665625 0.285625
0.003125 0.018125 0.955625 0.023125
0.005625 0.003125 0.005625 0.985625
0.053125 0.178125 0.660625 0.108125
0.095625 0.498125 0.133125 0.273125
0.078125 0.553125 0.020625 0.348125
0.140625 0.258125 0.198125 0.403125
0.195625 0.265625 0.145625 0.393125
0.398125 0.135625 0.150625 0.315625
0.013125 0.485625 0.095625 0.405625
0.030625 0.053125 0.008125 0.908125
0.033125 0.648125 0.015625 0.303125
0.080625 0.700625 0.053125 0.165625
0.043125 0.838125 0.025625 0.093125
0.075625 0.353125 0.030625 0.540625
0.023125 0.165625 0.103125 0.708125
0.123125 0.078125 0.620625 0.178125
0.090625 0.165625 0.125625 0.618125
0.125625 0.230625 0.410625 0.233125
