>M08354_2.00_ZNF594_Homo_sapiens
0.405052 0.262195 0.178571 0.154181
0.00087108 0.279617 0.655923 0.0635889
0.157666 0.579268 0.237805 0.0252613
0.199477 0.356272 0.307491 0.13676
0.00087108 0.0043554 0.955575 0.0391986
0.0043554 0.993902 0.00087108 0.00087108
0.00087108 0.00087108 0.0461672 0.952091
0.00087108 0.906794 0.00087108 0.0914634
0.00087108 0.0357143 0.126307 0.837108
0.0252613 0.948606 0.011324 0.0148084
0.551394 0.18554 0.011324 0.251742
0.0461672 0.5723 0.241289 0.140244
0.262195 0.509582 0.0601045 0.168118
0.189024 0.356272 0.119338 0.335366
0.0984321 0.520035 0.133275 0.248258
