>M08346_2.00_ZNF454_Homo_sapiens
0.118223 0.106175 0.359187 0.416416
0.506777 0.190512 0.253765 0.0489458
0.45256 0.280873 0.148343 0.118223
0.482681 0.0459337 0.341114 0.130271
0.184488 0.464608 0.160392 0.190512
0.0760542 0.810994 0.0760542 0.0368976
0.139307 0.527861 0.0971386 0.235693
0.389307 0.310994 0.17244 0.127259
0.0911145 0.377259 0.133283 0.398343
0.184488 0.618223 0.0549699 0.142319
0.491717 0.103163 0.286898 0.118223
0.0911145 0.00978916 0.807982 0.0911145
0.0730422 0.0158133 0.729669 0.181476
0.121235 0.112199 0.636295 0.130271
0.00978916 0.949548 0.0248494 0.0158133
0.0338855 0.859187 0.0188253 0.0881024
0.21762 0.314006 0.148343 0.32003
0.338102 0.060994 0.389307 0.211596
0.0670181 0.0248494 0.865211 0.0429217
0.53991 0.0128012 0.184488 0.262801
0.0820783 0.0850904 0.741717 0.0911145
0.0128012 0.92244 0.0489458 0.0158133
0.0248494 0.759789 0.00376506 0.211596
0.32003 0.0881024 0.060994 0.530873
0.100151 0.118223 0.0941265 0.6875
0.0820783 0.142319 0.112199 0.663404
0.0911145 0.196536 0.199548 0.512801
