>M08382_2.00_ZNF677_Homo_sapiens
0.30615 0.19385 0.199198 0.300802
0.236631 0.092246 0.343583 0.32754
0.161765 0.118984 0.530749 0.188503
0.167112 0.739305 0.0227273 0.0708556
0.177807 0.0280749 0.0280749 0.766043
0.135027 0.0548128 0.707219 0.102941
0.167112 0.0975936 0.092246 0.643048
0.0013369 0.0013369 0.065508 0.931818
0.0013369 0.958556 0.0013369 0.0387701
0.0227273 0.0280749 0.0013369 0.947861
0.00668449 0.0173797 0.0013369 0.974599
0.295455 0.124332 0.386364 0.19385
0.0708556 0.113636 0.0494652 0.766043
0.00668449 0.514706 0.0013369 0.477273
0.19385 0.0227273 0.402406 0.381016
0.145722 0.0227273 0.733957 0.0975936
0.145722 0.0334225 0.450535 0.370321
0.0494652 0.145722 0.493316 0.311497
0.0548128 0.0334225 0.0173797 0.894385
0.00668449 0.557487 0.0120321 0.423797
0.0387701 0.723262 0.0227273 0.215241
