>M08368_2.00_ZNF563_Homo_sapiens
0.11532 0.428451 0.270202 0.186027
0.00757576 0.0277778 0.0816498 0.882997
0.000841751 0.994108 0.000841751 0.00420875
0.276936 0.556397 0.0311448 0.135522
0.108586 0.199495 0.199495 0.492424
0.125421 0.263468 0.361111 0.25
0.354377 0.14899 0.297138 0.199495
0.0984848 0.610269 0.219697 0.0715488
0.246633 0.344276 0.0311448 0.377946
0.219697 0.0345118 0.701178 0.0446128
0.0244108 0.0816498 0.771886 0.122054
0.0311448 0.876263 0.0782828 0.0143098
0.680976 0.280303 0.000841751 0.0378788
0.361111 0.0345118 0.526094 0.0782828
0.000841751 0.997475 0.000841751 0.000841751
0.155724 0.219697 0.0345118 0.590067
0.0479798 0.0749158 0.832492 0.0446128
0.111953 0.414983 0.0614478 0.411616
