>M08375_2.00_ZNF502_Homo_sapiens
0.212441 0.198357 0.245305 0.343897
0.151408 0.231221 0.292254 0.325117
0.226526 0.311033 0.25939 0.203052
0.188967 0.353286 0.25 0.207746
0.184272 0.419014 0.184272 0.212441
0.245305 0.273474 0.264085 0.217136
0.362676 0.212441 0.245305 0.179577
0.179577 0.287559 0.217136 0.315728
0.268779 0.0481221 0.24061 0.442488
0.268779 0.00117371 0.433099 0.296948
0.198357 0.0809859 0.649061 0.0715962
0.0950704 0.771127 0.0809859 0.0528169
0.0105634 0.0950704 0.0669014 0.827465
0.700704 0.0762911 0.118545 0.10446
0.00117371 0.940141 0.00586854 0.0528169
0.0199531 0.00117371 0.00117371 0.9777
0.0528169 0.0105634 0.930751 0.00586854
0.00117371 0.9777 0.00117371 0.0199531
0.827465 0.0340376 0.00586854 0.132629
0.264085 0.470657 0.207746 0.0575117
0.207746 0.357981 0.0809859 0.353286
0.414319 0.0434272 0.475352 0.0669014
0.0950704 0.0246479 0.879108 0.00117371
0.0387324 0.127934 0.0387324 0.794601
0.0715962 0.902582 0.00117371 0.0246479
0.0105634 0.789906 0.0105634 0.188967
0.254695 0.203052 0.151408 0.390845
