>M08331_2.00_ZNF354A_Homo_sapiens
0.46831 0.0457746 0.389437 0.0964789
0.0373239 0.0570423 0.0316901 0.873944
0.0147887 0.0401408 0.0119718 0.933099
0.00352113 0.0119718 0.000704225 0.983803
0.871127 0.0119718 0.0711268 0.0457746
0.220423 0.00915493 0.70493 0.065493
0.426056 0.0823944 0.147183 0.344366
0.0570423 0.769718 0.0288732 0.144366
0.00633803 0.958451 0.00633803 0.0288732
0.964085 0.00633803 0.0260563 0.00352113
0.000704225 0.0401408 0.0204225 0.938732
0.00633803 0.000704225 0.00633803 0.98662
0.0316901 0.0711268 0.000704225 0.896479
0.98662 0.000704225 0.00633803 0.00633803
0.000704225 0.735915 0.00633803 0.257042
