>M08356_2.00_ZFP82_Homo_sapiens
0.888968 0.00931232 0.0866762 0.015043
0.152579 0.0379656 0.794413 0.015043
0.866046 0.0207736 0.0924069 0.0207736
0.894699 0.0293696 0.0522923 0.023639
0.0494269 0.0436963 0.00644699 0.90043
0.0408309 0.172636 0.0207736 0.765759
0.780086 0.0293696 0.106734 0.0838109
0.192693 0.0608883 0.696991 0.0494269
0.0580229 0.0780802 0.0465616 0.817335
0.284384 0.032235 0.645415 0.0379656
0.920487 0.0293696 0.032235 0.0179083
0.825931 0.0465616 0.0780802 0.0494269
0.12106 0.582378 0.0580229 0.238539
0.0465616 0.0351003 0.015043 0.903295
0.11533 0.00358166 0.77149 0.109599
0.123926 0.000716332 0.868911 0.00644699
0.963467 0.000716332 0.032235 0.00358166
0.909026 0.00644699 0.0465616 0.0379656
0.255731 0.015043 0.688395 0.0408309
0.751433 0.0351003 0.11533 0.0981375
0.0895415 0.270057 0.0408309 0.59957
