>M08307_2.00_FEZF1_Homo_sapiens
0.202724 0.308494 0.276442 0.21234
0.34375 0.135417 0.250801 0.270032
0.0969551 0.47516 0.167468 0.260417
0.0905449 0.00400641 0.0200321 0.885417
0.000801282 0.000801282 0.997596 0.000801282
0.000801282 0.683494 0.119391 0.196314
0.000801282 0.539263 0.0168269 0.443109
0.0809295 0.571314 0.000801282 0.346955
0.132212 0.0969551 0.000801282 0.770032
0.00400641 0.000801282 0.000801282 0.994391
0.000801282 0.0232372 0.000801282 0.97516
0.0360577 0.154647 0.129006 0.680288
0.145032 0.308494 0.202724 0.34375
0.205929 0.276442 0.180288 0.33734
0.161058 0.263622 0.257212 0.318109
