>M08359_2.00_ZNF329_Homo_sapiens
0.0131048 0.96875 0.0131048 0.00504032
0.0372984 0.251008 0.00100806 0.710685
0.0655242 0.0332661 0.63004 0.271169
0.00907258 0.0252016 0.960685 0.00504032
0.783266 0.0372984 0.113911 0.0655242
0.0252016 0.0372984 0.303427 0.634073
0.0453629 0.831653 0.0977823 0.0252016
0.480847 0.388105 0.09375 0.0372984
0.541331 0.226815 0.146169 0.0856855
0.21875 0.194556 0.553427 0.0332661
0.00504032 0.904234 0.0695565 0.0211694
0.0816532 0.613911 0.0372984 0.267137
0.246976 0.194556 0.384073 0.174395
0.13004 0.206653 0.214718 0.448589
0.339718 0.101815 0.339718 0.21875
0.0171371 0.84375 0.134073 0.00504032
0.0131048 0.952621 0.0332661 0.00100806
0.0413306 0.0332661 0.0493952 0.876008
0.00907258 0.0655242 0.912298 0.0131048
0.621976 0.275202 0.0856855 0.0171371
0.674395 0.0735887 0.0856855 0.166331
