>M08365_2.00_ZSCAN30_Homo_sapiens
0.0606618 0.15625 0.634191 0.148897
0.134191 0.744485 0.119485 0.00183824
0.0459559 0.950368 0.00183824 0.00183824
0.443015 0.0533088 0.0753676 0.428309
0.00919118 0.00183824 0.987132 0.00183824
0.00183824 0.619485 0.318015 0.0606618
0.53125 0.0238971 0.443015 0.00183824
0.03125 0.00183824 0.965074 0.00183824
0.00183824 0.876838 0.0459559 0.0753676
0.00183824 0.979779 0.00919118 0.00919118
0.354779 0.251838 0.0533088 0.340074
0.03125 0.273897 0.332721 0.362132
0.0238971 0.597426 0.325368 0.0533088
0.40625 0.295956 0.200368 0.0974265
0.0680147 0.354779 0.472426 0.104779
