>M09501_2.00_REST_Homo_sapiens
0.112 0.019 0.771 0.098
0.062 0.13 0.716 0.093
0.448 0.303 0.037 0.213
0.108 0.066 0.717 0.109
0.006 0.966 0.007 0.021
0.002 0.002 0.001 0.995
0.048 0.121 0.822 0.009
0.038 0.014 0.065 0.883
0.001 0.985 0.001 0.013
0.001 0.98 0.001 0.018
0.579 0.08 0.212 0.13
0.165 0.086 0.125 0.624
0.041 0.008 0.931 0.019
0.001 0.002 0.996 0.001
0.002 0.003 0.001 0.994
0.066 0.159 0.701 0.074
0.01 0.953 0.014 0.023
0.012 0.02 0.01 0.958
0.04 0.013 0.914 0.033
0.761 0.075 0.135 0.029
