>M09544_2.00_FOXA1_Homo_sapiens
0.27 0.002 0.112 0.616
0.007 0.007 0.861 0.126
0.006 0.984 0.009 0.001
0.008 0.99 0.001 0.001
0.977 0.001 0.001 0.021
0.905 0.001 0.093 0.001
0.587 0.047 0.26 0.107
0.458 0.063 0.354 0.125
0.137 0.357 0.017 0.49
0.745 0.218 0.001 0.035
0.877 0.121 0.001 0.001
0.945 0.001 0.031 0.024
0.004 0.732 0.008 0.256
0.924 0.001 0.001 0.075
0.299 0.166 0.286 0.248
0.35 0.193 0.184 0.273
