>M00255_2.00_FOXC1_Homo_sapiens
0.312198252429282 0.197176848828292 0.197176848828292 0.293448049914134
0.432920682467049 0.124899642493258 0.317280032546434 0.124899642493258
0.0514748503188038 0.0514748503188038 0.0514748503188038 0.845575449043589
0.829897176308788 0.0246645449079591 0.0246645449079591 0.120773733875294
0.000360026930014365 0.0979381257718077 0.0966312280158556 0.805070619282322
0.806355915422474 0.000360026930014365 0.0957815644610217 0.0975024931864903
0.0964692158973491 0.0947986909420825 0.000360026930014365 0.808372066230554
0.480178717368059 0.000360026930014365 0.000360026930014365 0.519101228771912
0.554481075184424 0.149292367069057 0.053183178101722 0.243043379644797
0.222678456348535 0.125460384436756 0.125460384436756 0.526400774777953
0.29610324852299 0.19888517661121 0.306126398254589 0.19888517661121
0.225695482022055 0.322913553933834 0.225695482022055 0.225695482022055
