>M00342_2.00_PAX6_Homo_sapiens
0.222868909189879 0.222868909189879 0.222868909189879 0.331393272430363
0.301149504557871 0.196775377400548 0.305299740641033 0.196775377400548
0.173218169413376 0.173218169413376 0.173218169413376 0.480345491759873
0.290347191263076 0.101116130255837 0.507420548225251 0.101116130255837
0.147808133477504 0.755126834662969 0.0485325159297637 0.0485325159297637
0.226946485353484 0.118673353021298 0.128567417321632 0.525812744303585
0.692133763217332 0.307373627158554 0.000246304812057113 0.000246304812057113
0.999261085563829 0.000246304812057113 0.000246304812057113 0.000246304812057113
0.0273773956221783 0.0273773956221783 0.0273773956221783 0.917867813133465
0.0534709274115088 0.0534709274115088 0.0534709274115088 0.839587217765474
0.768915593803956 0.0770281353986813 0.0770281353986813 0.0770281353986813
0.342275019027047 0.14913017455622 0.260189014312773 0.24840579210396
0.201713788882293 0.201713788882293 0.201713788882293 0.39485863335312
0.226053014647747 0.226053014647747 0.321840956056758 0.226053014647747
