>M00343_2.00_PAX6_Homo_sapiens
0.224600670428773 0.224600670428773 0.224600670428773 0.326197988713682
0.326197988713682 0.224600670428773 0.224600670428773 0.224600670428773
0.224600670428773 0.224600670428773 0.326197988713682 0.224600670428773
0.177929546169325 0.177929546169325 0.27196600297116 0.372174904690189
0.146034958436996 0.657458072632341 0.145382939607715 0.0511240293229488
0.000255693658541575 0.795278872288688 0.0942921504603764 0.110173283592394
0.102676345523955 0.701500666081981 0.195567294735523 0.000255693658541575
0.196935255808721 0.189203079574423 0.613605970958314 0.000255693658541575
0.0256550232297689 0.119691480031604 0.330641305264988 0.524012191473639
0.0256550232297689 0.810010662425561 0.138679291114901 0.0256550232297689
0.126707714021985 0.419630369247212 0.138679291114901 0.314982625615902
0.0723261474892161 0.2952680053082 0.268289767395479 0.364116079807105
0.199131664335593 0.199131664335593 0.301552316201006 0.300184355127808
