>M03107_2.00_LHX2_Homo_sapiens
0.019409029976327 0.397778158067368 0.0202646815550041 0.562548130401301
0.772520013664246 0.150009654086649 0.0432057508651547 0.0342645813839505
0.93010752688172 0.0100659900177537 0.0408501658124812 0.0189763172880448
0.0189885229075301 0.015676028739386 0.0258467854810115 0.939488662872072
0.0268855760867907 0.0351557135663823 0.0208889634862749 0.917069746860552
0.816666666666667 0.0112060778727445 0.138857233301678 0.033270022158911
0.329209735082497 0.337451945371049 0.161448594635832 0.171889724910622
0.24168382273269 0.228126015819699 0.448640156029906 0.0815500054177051
0.0649197626768714 0.711500161621639 0.0924997132519316 0.131080362449558
0.0515559540556835 0.0563173435156987 0.00919813872957472 0.882928563699043
0.935907777105599 0.0279794313369631 0.0221986959736506 0.0139140955837871
0.975267391192022 0.00561478445083619 0.0122457415476826 0.00687208280945902
0.00970067872198441 0.0210940933283419 0.00773124562574261 0.961473982323931
0.0286354407337394 0.019477700763145 0.163102989568018 0.788783868935098
0.582396721607858 0.00501702473860246 0.394371289962937 0.0182149636906017
