>M04148_2.00_NEUROD1_Homo_sapiens
0.378196500672948 0.0053835800807537 0.60699865410498 0.00942126514131898
0.380888290713324 0.485868102288022 0.122476446837147 0.0107671601615074
0.0 1.0 0.0 0.0
0.990679094540613 0.0 0.00266311584553928 0.0066577896138482
0.0 0.0 0.0106382978723404 0.98936170212766
0.98804780876494 0.0119521912350598 0.0 0.0
0.00133868808567604 0.0 0.00267737617135207 0.995983935742972
0.00133511348464619 0.00534045393858478 0.993324432576769 0.0
0.00134408602150538 0.104838709677419 0.470430107526882 0.423387096774194
0.00942126514131898 0.627187079407806 0.00672947510094213 0.356662180349933
0.263440860215054 0.182795698924731 0.510752688172043 0.043010752688172
0.212365591397849 0.403225806451613 0.143817204301075 0.240591397849462
0.200268817204301 0.278225806451613 0.352150537634409 0.169354838709677
0.193548387096774 0.270161290322581 0.30241935483871 0.233870967741935
0.113496932515337 0.0889570552147239 0.0368098159509202 0.760736196319018
0.951406649616368 0.00767263427109974 0.00895140664961637 0.0319693094629156
0.397315436241611 0.00134228187919463 0.00134228187919463 0.6
0.0508054522924411 0.0173482032218092 0.00991325898389095 0.921933085501859
0.163012392755005 0.0381315538608198 0.0896091515729266 0.709246901811249
