>M04253_2.00_ATF2_Homo_sapiens
0.204303675048356 0.360311895551257 0.261786750483559 0.173597678916828
0.472472664492615 0.161327450604259 0.320976405140994 0.0452234797621331
0.0319038944414357 0.138151740436217 0.0153611343606913 0.814583230761656
0.0135601145595885 0.0194049915249284 0.52656496580747 0.440469928108013
0.882211794817106 0.00298602964700864 0.0860616401834275 0.0287405353524581
0.00941739824421389 0.880287310454908 0.0785315243415802 0.0317637669592977
0.421982966414912 0.105201135572339 0.464245540735979 0.00857035727676897
0.0338963706916229 0.0138666971011185 0.00810317279160009 0.944133759415659
0.0933167804676185 0.855834885164494 0.0239499275812125 0.0268984067866749
0.862212726040961 0.000573245088331857 0.130960446088905 0.00625358278180207
0.0494932951172075 0.420565052717781 0.103695362882588 0.426246289282424
0.191368471953578 0.358861218568665 0.244257736943907 0.205512572533849
