>M04534_2.00_ZBTB43_Homo_sapiens
0.39918533604888 0.191446028513238 0.15071283095723 0.258655804480652
0.0167130919220056 0.011142061281337 0.911792014856082 0.0603528319405757
0.0 0.0 0.00101729399796541 0.998982706002035
0.0 0.00203045685279188 0.996954314720812 0.00101522842639594
0.0 0.997967479674797 0.00203252032520325 0.0
0.00201816347124117 0.990918264379415 0.0 0.0070635721493441
0.613428280773143 0.156663275686673 0.064089521871821 0.165818921668362
0.195519348268839 0.272912423625255 0.0814663951120163 0.45010183299389
0.473041709053917 0.118006103763988 0.220752797558494 0.188199389623601
0.314343845371312 0.202441505595117 0.177009155645982 0.306205493387589
0.307222787385554 0.218718209562564 0.207527975584944 0.266531027466938
0.279022403258656 0.138492871690428 0.370672097759674 0.211812627291242
0.202647657841141 0.171079429735234 0.45010183299389 0.176171079429735
0.0662431941923775 0.557168784029038 0.0417422867513612 0.334845735027223
0.933460076045627 0.0332699619771863 0.00285171102661597 0.0304182509505703
0.0 0.00903614457831325 0.985943775100402 0.00502008032128514
0.0027063599458728 0.664411366711773 0.0074424898511502 0.325439783491204
0.998982706002035 0.0 0.00101729399796541 0.0
0.014505893019039 0.890299184043518 0.0625566636446056 0.0326382592928377
0.20061099796334 0.142566191446029 0.215885947046843 0.440936863543788
