>M04623_2.00_ZSCAN16_Homo_sapiens
0.495724796182144 0.159335852058063 0.0817061045933585 0.263233247166435
7.95070562512423e-05 0.00153051083283641 0.99837010534685 1.98767640628106e-05
0.977088110692215 5.8299972793346e-05 0.0227952893621983 5.8299972793346e-05
5.8299972793346e-05 0.0 0.977243577286331 0.0226981227408761
9.94154372290929e-05 7.95323497832743e-05 0.999741519863204 7.95323497832743e-05
1.98811109564802e-05 0.999761426668522 3.97622219129605e-05 0.000178929998608322
1.98822968029267e-05 0.000159058374423413 5.964689040878e-05 0.999761412438365
1.98819015050599e-05 0.999582480068394 3.97638030101199e-05 0.000357874227091079
0.00977844774580003 0.000138842057242597 0.000575202808576472 0.989507507388381
7.95276060202398e-05 0.0 0.999781299083444 0.00013917331053542
0.0028000635475415 3.9717213440305e-05 0.000119151640320915 0.997041067598697
0.000433591517373224 0.0553026271704212 0.0 0.944263781312206
0.999622228849786 0.0 0.000338005765980714 3.97653842330252e-05
0.999860818387879 0.0 7.95323497832743e-05 5.96492623374558e-05
0.000139184379535919 0.999781281689301 0.0 7.95339311633826e-05
0.976248066933661 0.000515484357032396 0.0225821801023038 0.000654268607002657
0.149609274025173 0.611043725517488 0.0924022190849257 0.146944781372413
0.0472339752461545 0.0935782355965044 0.00731543358772589 0.851872355569615
0.0728574269238417 0.207914098230264 0.183197454762378 0.536031020083516
