>M04801_2.00_ETV5_Homo_sapiens
0.432258064516129 0.0685977616853193 0.415009874917709 0.0841342988808427
0.11524745585805 0.519439853874924 0.295816299904323 0.0694963903627033
0.643951985226223 0.230101569713758 0.0998153277931671 0.0261311172668513
0.0172652804032766 0.0115942028985507 0.95538752362949 0.015752993068683
0.0419354838709677 0.00719602977667494 0.940198511166253 0.0106699751861042
0.732178414974114 0.183691756272401 0.0720828355236957 0.0120469932297889
0.899582089552239 0.0772537313432836 0.0111044776119403 0.0120597014925373
0.00639853747714808 0.00195873596239227 0.991250979367981 0.000391747192478454
0.0105320304017372 0.0450597176981542 0.809880564603692 0.134527687296417
0.913159167876149 0.0217706821480406 0.0501935171746493 0.0148766328011611
0.681478489194102 0.0412037972126843 0.0717026863259947 0.205615027267219
0.14453168196395 0.0504257436691363 0.785137675550149 0.0199048988167643
0.080896962815782 0.169647081086195 0.12811051187435 0.621345444223673
0.291074249605055 0.10637177461822 0.442996313849394 0.15955766192733
