>M05206_2.00_PKNOX1_Homo_sapiens
0.0830696202531646 0.102848101265823 0.0570750452079566 0.757007233273056
0.0174629784856105 0.0290583962000559 0.935736239172953 0.0177423861413803
0.704755892255892 0.0299873737373737 0.0865951178451178 0.178661616161616
0.0151450207172453 0.956993856265181 0.00971567366766681 0.0181454493499071
0.902330594099421 0.00740940320625084 0.0778660918765998 0.0123939108177287
0.021498954911914 0.256643774260973 0.570916691549716 0.150940579277396
0.153007911628601 0.567099567099567 0.25645618749067 0.0234363337811614
0.0133693450371371 0.0760297096556381 0.00607697501688049 0.904523970290344
0.0164850917431193 0.00630733944954128 0.960149082568807 0.0170584862385321
0.180584770719394 0.0870845603702146 0.0278712663020614 0.70445940260833
0.0185340022296544 0.933389074693422 0.0259197324414716 0.0221571906354515
0.756494239891574 0.0530833521572171 0.108086740456291 0.0823356674949176
