>M05314_2.00_TGIF2LY_Homo_sapiens
0.0731466227347611 0.233937397034596 0.0560131795716639 0.636902800658979
0.0236518448438978 0.0373699148533586 0.91438032166509 0.0245979186376537
0.773819055244195 0.0204163330664532 0.0512409927942354 0.154523618895116
0.0131004366812227 0.937894226103833 0.0135856380397865 0.0354196991751577
0.845581802274716 0.0100612423447069 0.118110236220472 0.026246719160105
0.0150103519668737 0.236542443064182 0.556935817805383 0.191511387163561
0.186335403726708 0.529503105590062 0.271739130434783 0.0124223602484472
0.0216731686172518 0.132206328565236 0.0082358040745557 0.837884698742956
0.0302739067755887 0.0201826045170591 0.928880345987506 0.0206631427198462
0.142284569138277 0.0605210420841683 0.0224448897795591 0.774749498997996
0.0179839091339328 0.91481306199716 0.04070042593469 0.0265026029342168
0.636902800658979 0.0484349258649094 0.242504118616145 0.072158154859967
