>M05434_2.00_PAX4_Homo_sapiens
0.155313351498638 0.23841961852861 0.166893732970027 0.439373297002725
0.522605909576362 0.227127091491634 0.0996796012815949 0.150587397650409
0.867612293144208 0.0372340425531915 0.0407801418439716 0.0543735224586288
0.0230326295585413 0.0153550863723608 0.0223928342930262 0.939219449776072
0.0523882896764253 0.102208525937339 0.0914227015921931 0.753980482794042
0.718903036238981 0.0876591576885406 0.121449559255632 0.0719882468168462
0.220858895705521 0.192229038854806 0.45535105657805 0.131561008861622
0.0953029271613342 0.439754935330157 0.236895847515317 0.228046289993193
0.0367943548387097 0.116431451612903 0.106854838709677 0.73991935483871
0.784188034188034 0.0710470085470085 0.102029914529915 0.0427350427350427
0.948933419521655 0.0407239819004525 0.00646412411118293 0.00387847446670976
0.0615114235500879 0.0345635618043351 0.0439367311072056 0.859988283538371
0.168797953964194 0.106686152721958 0.188162221410303 0.536353671903544
0.419332879509871 0.17358747447243 0.257998638529612 0.149081007488087
