>M05517_2.00_HSFY1_Homo_sapiens
0.294497816593886 0.173449781659389 0.241921397379913 0.290131004366812
0.425833087584783 0.00405485107637865 0.278531406664701 0.291580654674137
0.103815439219166 0.172508133688258 0.0161934338952972 0.707482993197279
0.354762307562172 0.0373879208255794 0.607765183556082 8.45880561664693e-05
0.000174657235175967 0.0 0.999825342764824 0.0
0.999388859786974 8.73057447180024e-05 0.000523834468308015 0.0
0.992701998262381 0.0 0.00703735881841877 0.000260642919200695
0.000152648450618226 0.179438253701725 0.00251869943520073 0.817890398412456
0.00450375312760634 0.0447873227689741 0.942035029190992 0.00867389491242702
0.108251633986928 0.0241013071895425 0.0906862745098039 0.776960784313726
0.127443939031203 0.000478812544888676 0.0109328864416248 0.861144361982284
0.0304176119653811 0.0178976556591883 8.40265523905554e-05 0.95160070582304
0.473317485039757 0.0703336339044184 0.456184933191245 0.000163947864579064
0.0 0.00130764536657658 0.998082120129021 0.000610234504402406
0.998343215905127 0.0 0.000871991628880363 0.000784792465992327
0.996516286361261 0.0 0.00243859954711723 0.00104511409162167
0.000152218585889337 0.170256488317224 0.00753482000152219 0.822056473095365
0.0155347702318015 0.0517283448556324 0.904432696217975 0.0283041886945913
0.0475982532751092 0.315807860262009 0.234410480349345 0.402183406113537
