>M05628_2.00_NR6A1_Homo_sapiens
0.150256271917993 0.188292419746426 0.428918262746156 0.232533045589425
0.0937875150060024 0.246998799519808 0.103091236494598 0.556122448979592
0.029585798816568 0.707386905898072 0.218553158999809 0.0444741362855507
0.972703412073491 0.0031496062992126 0.0178477690288714 0.0062992125984252
0.930921878924893 0.017583521728209 0.0308967596081387 0.0205978397387591
0.00808344198174707 0.00104302477183833 0.966362451108214 0.0245110821382008
0.00826887169911977 0.00320085356094959 0.475593491597759 0.512936783142171
0.00227848101265823 0.0445569620253165 0.0149367088607595 0.938227848101266
0.000748129675810474 0.924189526184539 0.0291770573566085 0.0458852867830424
0.985376229726137 0.0 0.00372241425152885 0.0109013560223345
0.904343582235237 0.0222059541239629 0.0290385553928746 0.0444119082479258
0.00671140939597315 0.00232318017552917 0.956633970056789 0.0343314403717088
0.0142480211081794 0.0079155672823219 0.620844327176781 0.356992084432718
0.0334107557620154 0.0823655529748079 0.22208325888869 0.662140432374486
0.00994152046783626 0.722417153996101 0.0781676413255361 0.189473684210526
0.5528867671192 0.0138743846039087 0.418767715948083 0.014471132328808
0.26693657219973 0.248582995951417 0.239136302294197 0.245344129554656
