>M05734_2.00_RUNX2_Homo_sapiens
0.216236046328809 0.311514071589539 0.247890571772968 0.224359310308684
0.455989348043178 0.10732797565267 0.0165010223976414 0.42018165390651
0.728724072910119 0.0356589147286822 0.171757804315944 0.0638592080452546
0.954958594223389 0.0218642698444759 0.0196424964653605 0.00353463946677439
0.00639925081941626 0.992404141303782 0.000572290723687633 0.000624317153113782
0.00239458615304529 0.992920353982301 0.000989068193649141 0.00369599167100469
0.862872782181955 0.00585126462816157 0.121130615326538 0.0101453378633447
0.00240422307008833 0.996289133957038 0.000470391470234673 0.000836251502639419
0.578266213578194 0.0151471332513918 0.395596847661051 0.010989805509363
0.719316633476575 0.0223771093176816 0.143171575306572 0.115134681899172
0.784329140461216 0.010062893081761 0.0162473794549266 0.189360587002096
0.933707158578765 0.00822764909338644 0.0123152709359606 0.0457499213918876
0.96562595342215 0.0180006101901759 0.0153564527611105 0.00101698362656361
0.0022968105653286 0.995876181030433 0.000939604322179882 0.000887404082058777
0.00443100662044519 0.993848720221029 0.000573424386175259 0.00114684877235052
0.874125212786079 0.00557972385095517 0.110175903158691 0.0101191602042746
0.00490196078431373 0.993220692532332 0.00057363370880267 0.00130371297455152
0.538199496114403 0.0135907171498527 0.43632234484227 0.0118874418934743
0.6442695562762 0.0798465554061536 0.192754884125603 0.083129004192043
0.400607934594623 0.215974005555264 0.195849274147057 0.187568785703055
