>M05879_2.00_RXRG_Homo_sapiens
0.448 0.06 0.431 0.061
0.087 0.056 0.808 0.048
0.068 0.031 0.74 0.161
0.047 0.135 0.104 0.713
0.116 0.516 0.213 0.154
0.827 0.049 0.044 0.08
0.661 0.11 0.123 0.106
0.613 0.028 0.343 0.016
0.114 0.018 0.786 0.081
0.059 0.016 0.758 0.168
0.024 0.062 0.111 0.803
0.054 0.469 0.173 0.305
0.672 0.038 0.263 0.027
0.306 0.213 0.21 0.27
0.399 0.092 0.293 0.216
