>M05850_2.00_ZNF415_Homo_sapiens
0.258 0.326 0.312 0.104
0.068 0.096 0.069 0.766
0.653 0.03 0.292 0.025
0.046 0.859 0.05 0.045
0.567 0.18 0.205 0.048
0.015 0.84 0.013 0.131
0.204 0.239 0.513 0.044
0.614 0.217 0.083 0.086
0.006 0.048 0.017 0.928
0.007 0.112 0.221 0.66
0.684 0.133 0.175 0.007
0.535 0.085 0.307 0.072
0.113 0.181 0.339 0.367
0.834 0.04 0.098 0.028
0.006 0.074 0.052 0.868
0.042 0.902 0.021 0.036
