>M07587_2.00_ZNF304_Homo_sapiens
0.111213 0.511949 0.170037 0.206801
0.136949 0.504596 0.151654 0.206801
0.0634191 0.670037 0.129596 0.136949
0.078125 0.868566 0.0376838 0.015625
0.11489 0.511949 0.140625 0.232537
0.107537 0.00827206 0.431066 0.453125
0.000919118 0.964154 0.0340074 0.000919118
0.00827206 0.982537 0.000919118 0.00827206
0.140625 0.776654 0.0376838 0.0450368
0.000919118 0.997243 0.000919118 0.000919118
0.526654 0.0487132 0.397978 0.0266544
0.206801 0.36489 0.409007 0.0193015
0.0523897 0.184743 0.0891544 0.673713
0.000919118 0.942096 0.000919118 0.0560662
0.0266544 0.298713 0.511949 0.162684
0.47886 0.0854779 0.390625 0.0450368
0.125919 0.151654 0.611213 0.111213
0.0523897 0.581801 0.10386 0.261949
0.0854779 0.721507 0.0597426 0.133272
0.0744485 0.460478 0.151654 0.313419
0.0744485 0.442096 0.206801 0.276654
0.129596 0.471507 0.261949 0.136949
0.217831 0.30239 0.328125 0.151654
0.125919 0.383272 0.346507 0.144301
