>M07588_2.00_ZNF132_Homo_sapiens
0.12013 0.185065 0.211039 0.483766
0.0292208 0.86039 0.0292208 0.0811688
0.00324675 0.99026 0.00324675 0.00324675
0.0292208 0.12013 0.00324675 0.847403
0.00324675 0.00324675 0.0551948 0.938312
0.00324675 0.977273 0.00324675 0.0162338
0.0162338 0.951299 0.0162338 0.0162338
0.0681818 0.717532 0.0162338 0.198052
0.301948 0.237013 0.133117 0.327922
0.00324675 0.691558 0.237013 0.0681818
0.0422078 0.37987 0.0162338 0.561688
0.0941558 0.340909 0.185065 0.37987
0.0292208 0.198052 0.0811688 0.691558
0.00324675 0.886364 0.00324675 0.107143
0.0292208 0.912338 0.00324675 0.0551948
