>M07590_2.00_ZNF287_Homo_sapiens
0.177632 0.207707 0.158835 0.455827
0.162594 0.260338 0.128759 0.448308
0.125 0.155075 0.0723684 0.647556
0.192669 0.234023 0.0949248 0.478383
0.136278 0.0911654 0.121241 0.651316
0.125 0.173872 0.346805 0.354323
0.109962 0.0385338 0.0610902 0.790414
0.0197368 0.549812 0.0234962 0.406955
0.0911654 0.215226 0.0385338 0.655075
0.049812 0.00845865 0.0911654 0.850564
0.00093985 0.406955 0.0723684 0.519737
0.151316 0.354323 0.00093985 0.493421
0.50094 0.0648496 0.0610902 0.37312
0.113722 0.068609 0.245301 0.572368
0.0234962 0.245301 0.305451 0.425752
0.031015 0.0460526 0.00093985 0.921992
0.012218 0.463346 0.0234962 0.50094
0.151316 0.049812 0.0986842 0.700188
0.049812 0.0573308 0.297932 0.594925
0.012218 0.222744 0.0723684 0.692669
0.0648496 0.173872 0.0648496 0.696429
0.286654 0.125 0.0610902 0.527256
0.0986842 0.170113 0.121241 0.609962
0.0197368 0.25282 0.049812 0.677632
0.0197368 0.00469925 0.0159774 0.959586
0.0159774 0.0422932 0.012218 0.929511
0.0159774 0.106203 0.012218 0.865602
0.0234962 0.0535714 0.0460526 0.87688
0.00845865 0.324248 0.00845865 0.658835
0.117481 0.0723684 0.0573308 0.75282
0.0422932 0.0723684 0.0460526 0.839286
0.068609 0.0836466 0.031015 0.816729
0.0836466 0.113722 0.0911654 0.711466
