>M07697_2.00_ZNF79_Homo_sapiens
0.0044964 0.0116906 0.0116906 0.972122
0.000899281 0.00809353 0.0152878 0.975719
0.803058 0.101619 0.000899281 0.0944245
0.051259 0.0764388 0.828237 0.0440647
0.745504 0.022482 0.126799 0.105216
0.148381 0.180755 0.45054 0.220324
0.810252 0.0620504 0.0440647 0.0836331
0.0440647 0.0656475 0.13759 0.752698
0.0188849 0.0728417 0.105216 0.803058
0.382194 0.403777 0.0476619 0.166367
0.490108 0.0836331 0.0116906 0.414568
0.00809353 0.213129 0.0404676 0.738309
0.00809353 0.0188849 0.022482 0.95054
0.022482 0.267086 0.0404676 0.669964
0.0296763 0.605216 0.166367 0.198741
0.126799 0.0332734 0.00809353 0.831835
0.0440647 0.0296763 0.0368705 0.889388
0.080036 0.11241 0.119604 0.68795
