>M07617_2.00_ZNF528_Homo_sapiens
0.0227273 0.00174825 0.945804 0.0297203
0.638112 0.344406 0.0157343 0.00174825
0.791958 0.0576923 0.148601 0.00174825
0.722028 0.0576923 0.204545 0.0157343
0.00174825 0.106643 0.0297203 0.861888
0.00174825 0.00174825 0.854895 0.141608
0.414336 0.16958 0.358392 0.0576923
0.00174825 0.987762 0.00174825 0.00874126
0.00174825 0.141608 0.0227273 0.833916
0.00174825 0.00174825 0.00174825 0.994755
0.00174825 0.938811 0.00174825 0.0576923
0.00174825 0.973776 0.00174825 0.0227273
0.0646853 0.763986 0.00174825 0.16958
0.0646853 0.288462 0.0856643 0.561189
0.0786713 0.16958 0.414336 0.337413
