>M07638_2.00_ZNF483_Homo_sapiens
0.0132576 0.0334596 0.0359848 0.917298
0.0435606 0.0107323 0.945076 0.000631313
0.00568182 0.854167 0.000631313 0.13952
0.962753 0.000631313 0.0183081 0.0183081
0.000631313 0.000631313 0.995581 0.00315657
0.000631313 0.995581 0.00315657 0.000631313
0.00315657 0.00315657 0.000631313 0.993056
0.00315657 0.975379 0.00568182 0.0157828
0.00568182 0.604167 0.000631313 0.38952
0.00315657 0.970328 0.00315657 0.0233586
0.0915404 0.0587121 0.0637626 0.785985
0.0486111 0.33649 0.49053 0.124369
0.222854 0.346591 0.0915404 0.339015
0.167298 0.432449 0.210227 0.190025
0.154672 0.331439 0.195076 0.318813
