>M07656_2.00_ZNF154_Homo_sapiens
0.0897683 0.0357143 0.00482625 0.869691
0.0357143 0.000965251 0.916023 0.0472973
0.000965251 0.0357143 0.0241313 0.939189
0.000965251 0.927606 0.0318533 0.0395753
0.00868726 0.170849 0.000965251 0.819498
0.811776 0.000965251 0.166988 0.0202703
0.000965251 0.000965251 0.993243 0.00482625
0.0357143 0.000965251 0.197876 0.765444
0.90444 0.000965251 0.00482625 0.0897683
0.51834 0.00868726 0.352317 0.120656
0.244208 0.000965251 0.668919 0.0859073
0.00482625 0.000965251 0.0434363 0.950772
0.0704633 0.800193 0.0125483 0.116795
0.0125483 0.390927 0.000965251 0.59556
0.468147 0.0357143 0.302124 0.194015
