>M07624_2.00_ZNF778_Homo_sapiens
0.154119 0.0774148 0.40696 0.361506
0.148438 0.000710227 0.830256 0.0205966
0.0319602 0.557528 0.179688 0.230824
0.0234375 0.526278 0.040483 0.409801
0.193892 0.0120739 0.600142 0.193892
0.0120739 0.0149148 0.878551 0.0944602
0.0348011 0.756392 0.0262784 0.182528
0.710937 0.000710227 0.279119 0.00923295
0.000710227 0.00923295 0.0291193 0.960938
0.00355114 0.995028 0.000710227 0.000710227
0.000710227 0.0348011 0.000710227 0.963778
0.0205966 0.00355114 0.884233 0.0916193
0.0291193 0.0859375 0.864347 0.0205966
0.0603693 0.324574 0.0802557 0.534801
0.276278 0.100142 0.580256 0.0433239
