>M07637_2.00_ZNF680_Homo_sapiens
0.169184 0.321761 0.259052 0.250004
0.114344 0.50463 0.16281 0.218216
0.0512718 0.662415 0.031865 0.254448
0.24406 0.099178 0.154265 0.502497
0.350297 0.263878 0.149777 0.236048
0.599472 0.0674269 0.219334 0.113767
0.216082 0.0695604 0.346376 0.367982
0.00067313 0.00067313 0.00875069 0.989903
0.010884 0.878898 0.00067313 0.109545
0.00875069 0.0534051 0.00067313 0.937171
0.00067313 0.00067313 0.00067313 0.997981
0.00067313 0.997981 0.00067313 0.00067313
0.0507126 0.309461 0.00067313 0.639153
0.0583423 0.312361 0.0162691 0.613027
0.174009 0.0345761 0.494446 0.296969
0.12927 0.0566568 0.692795 0.121277
0.19566 0.314588 0.227338 0.262414
0.029191 0.802856 0.0372502 0.130703
0.285977 0.369008 0.160236 0.18478
0.174009 0.27747 0.174009 0.374512
0.168065 0.24897 0.317299 0.265666
