>M07650_2.00_ZNF114_Homo_sapiens
0.278481 0.240506 0.367089 0.113924
0.075949 0.316456 0.518987 0.088608
0.037975 0.189873 0.367089 0.405063
0.202532 0.594937 0.189873 0.012658
0.0 0.0 0.0 1.0
0.848101 0.0 0.0 0.151899
0.0 0.0 0.025316 0.974684
0.987342 0.0 0.0 0.012658
0.746835 0.0 0.0 0.253165
0.860759 0.0 0.139241 0.0
0.493671 0.0 0.278481 0.227848
0.405063 0.050633 0.518987 0.025316
0.063291 0.392405 0.493671 0.050633
0.063291 0.341772 0.506329 0.088608
0.101266 0.329114 0.455696 0.113924
0.050633 0.367089 0.493671 0.088608
0.164557 0.265823 0.468354 0.101266
0.113924 0.405063 0.35443 0.126582
0.075949 0.43038 0.35443 0.139241
0.101266 0.316456 0.443038 0.139241
0.113924 0.405063 0.329114 0.151899
0.177215 0.265823 0.468354 0.088608
0.063291 0.291139 0.582278 0.063291
0.253165 0.341772 0.379747 0.025316
0.088608 0.392405 0.481013 0.037975
0.088608 0.392405 0.405063 0.113924
0.088608 0.392405 0.405063 0.113924
0.037975 0.303797 0.417722 0.240506
