>M07603_2.00_ZNF19_Homo_sapiens
0.199202 0.157965 0.13957 0.503262
0.0931025 0.264472 0.435174 0.207252
0.145615 0.580621 0.111498 0.162266
0.285425 0.312683 0.205915 0.195977
0.218004 0.474783 0.151659 0.155553
0.13957 0.653679 0.00621169 0.200539
0.126144 0.106528 0.6753 0.0920272
0.00124234 0.00513642 0.0101058 0.983515
0.00124234 0.991304 0.00124234 0.00621169
0.51817 0.245263 0.00124234 0.235324
0.259096 0.0178939 0.558593 0.164417
0.277637 0.0937707 0.413146 0.215447
0.305971 0.151252 0.447931 0.094846
0.0902836 0.534415 0.137827 0.237475
0.00124234 0.979621 0.00124234 0.0178939
0.0090305 0.897032 0.00513642 0.0888014
0.0505288 0.556443 0.0306514 0.362377
0.352438 0.134601 0.109754 0.403207
