>M07772_2.00_ZNF550_Homo_sapiens
0.00245098 0.0416667 0.00245098 0.953431
0.218137 0.00245098 0.776961 0.00245098
0.00245098 0.973039 0.00245098 0.0220588
0.0122549 0.973039 0.00245098 0.0122549
0.00245098 0.669118 0.0220588 0.306373
0.0122549 0.10049 0.0122549 0.875
0.796569 0.00245098 0.178922 0.0220588
0.0122549 0.0318627 0.953431 0.00245098
0.00245098 0.835784 0.00245098 0.159314
0.404412 0.473039 0.0906863 0.0318627
0.0710784 0.188725 0.384804 0.355392
0.394608 0.0220588 0.129902 0.453431
0.10049 0.335784 0.551471 0.0122549
0.375 0.0612745 0.492647 0.0710784
0.0416667 0.522059 0.0318627 0.404412
0.00245098 0.120098 0.0514706 0.82598
0.0318627 0.463235 0.00245098 0.502451
0.0220588 0.384804 0.00245098 0.590686
