>M07753_2.00_ZNF805_Homo_sapiens
0.123984 0.0914634 0.367886 0.416667
0.140244 0.0345528 0.77439 0.050813
0.0264228 0.432927 0.180894 0.359756
0.376016 0.0833333 0.319106 0.221545
0.0182927 0.0752033 0.205285 0.70122
0.0995935 0.132114 0.205285 0.563008
0.0101626 0.571138 0.189024 0.229675
0.115854 0.619919 0.140244 0.123984
0.0264228 0.0182927 0.205285 0.75
0.0426829 0.0264228 0.254065 0.676829
0.0182927 0.0101626 0.79065 0.180894
0.00203252 0.00203252 0.993902 0.00203252
0.0426829 0.611789 0.0426829 0.302846
0.0264228 0.0426829 0.286585 0.644309
0.0264228 0.123984 0.0589431 0.79065
0.050813 0.0995935 0.839431 0.0101626
0.0101626 0.0914634 0.0426829 0.855691
0.0833333 0.00203252 0.880081 0.0345528
