>M07755_2.00_ZNF616_Homo_sapiens
0.0897059 0.266176 0.0838235 0.560294
0.0779412 0.730882 0.0602941 0.130882
0.472059 0.0308824 0.448529 0.0485294
0.025 0.595588 0.0485294 0.330882
0.213235 0.125 0.625 0.0367647
0.00147059 0.960294 0.00147059 0.0367647
0.00735294 0.00147059 0.00147059 0.989706
0.00147059 0.830882 0.00147059 0.166176
0.801471 0.00147059 0.0485294 0.148529
0.00147059 0.936765 0.0191176 0.0426471
0.00147059 0.854412 0.00147059 0.142647
0.0367647 0.489706 0.0544118 0.419118
0.336765 0.189706 0.189706 0.283824
0.0485294 0.466176 0.136765 0.348529
0.219118 0.207353 0.225 0.348529
