>M07752_2.00_ZNF525_Homo_sapiens
0.639368 0.012931 0.219828 0.127874
0.0991379 0.0244253 0.0646552 0.811782
0.012931 0.0416667 0.0301724 0.91523
0.622126 0.277299 0.0991379 0.00143678
0.0359195 0.840517 0.0359195 0.0876437
0.00143678 0.0531609 0.012931 0.932471
0.639368 0.0876437 0.0416667 0.231322
0.783046 0.00143678 0.168103 0.0474138
0.00718391 0.0244253 0.00718391 0.961207
0.242816 0.104885 0.45546 0.196839
0.604885 0.219828 0.110632 0.0646552
0.760057 0.00143678 0.116379 0.122126
0.00718391 0.00143678 0.966954 0.0244253
0.127874 0.196839 0.219828 0.45546
0.133621 0.0933908 0.0933908 0.679598
