>M07736_2.00_ZNF84_Homo_sapiens
0.0382653 0.327381 0.15051 0.483844
0.0416667 0.153912 0.0858844 0.718537
0.0620748 0.0620748 0.42602 0.44983
0.0042517 0.919218 0.0178571 0.0586735
0.00085034 0.840986 0.00085034 0.157313
0.0246599 0.0586735 0.157313 0.759354
0.0926871 0.0620748 0.728741 0.116497
0.00085034 0.0144558 0.0042517 0.980442
0.00765306 0.0110544 0.130102 0.85119
0.0042517 0.932823 0.00085034 0.0620748
0.30017 0.378401 0.0178571 0.303571
0.0790816 0.279762 0.126701 0.514456
0.198129 0.147109 0.385204 0.269558
0.0960884 0.528061 0.208333 0.167517
0.153912 0.30017 0.170918 0.375
0.167517 0.259354 0.235544 0.337585
0.102891 0.368197 0.147109 0.381803
0.0416667 0.235544 0.0280612 0.694728
0.045068 0.409014 0.0688776 0.477041
0.113095 0.334184 0.153912 0.39881
0.0552721 0.701531 0.0382653 0.204932
