>M07873_2.00_CTCF_Homo_sapiens
0.104603 0.554393 0.186192 0.154812
0.194561 0.236402 0.223849 0.345188
0.280335 0.351464 0.213389 0.154812
0.035565 0.311715 0.334728 0.317992
0.395397395397395 0.0983260983260983 0.41004241004241 0.0962340962340962
0.0397489602510397 0.278242721757278 0.612970387029613 0.069037930962069
0.020921 0.667364 0.014644 0.297071
0.07113 0.01046 0.8159 0.10251
0.0271969728030272 0.815899184100816 0.0376569623430377 0.119246880753119
0.0 0.985356 0.006276 0.008368
0.259414259414259 0.642259642259642 0.0502090502090502 0.0481170481170481
0.014644 0.58159 0.004184 0.399582
0.004184 0.991632 0.0 0.004184
0.0146440146440146 0.0523010523010523 0.0146440146440146 0.918410918410918
0.311715 0.050209 0.523013 0.115063
0.0146439853560146 0.315899684100316 0.646443353556646 0.023012976987023
0.094142 0.192469 0.027197 0.686192
0.0 0.0 0.997908 0.002092
0.029289 0.031381 0.887029 0.052301
0.119247 0.566946 0.087866 0.225941
0.179916 0.466527 0.196653 0.156904
