>M07968_2.00_GATA2_Homo_sapiens
0.13026086973913 0.430861569138431 0.260520739479261 0.178356821643178
0.126252873747126 0.19038080961919 0.152304847695152 0.531061468938531
0.0901800901800902 0.0821640821640822 0.581162581162581 0.246493246493246
0.142284857715142 0.232464767535232 0.430861569138431 0.194388805611194
0.226453 0.200401 0.272545 0.300601
0.240481 0.196393 0.324649 0.238477
0.238477 0.238477 0.306613 0.216433
0.262525 0.216433 0.310621 0.210421
0.166333 0.250501 0.306613 0.276553
0.302605 0.188377 0.324649 0.184369
0.184369 0.400802 0.332665 0.082164
0.731463 0.014028 0.01002 0.244489
0.0 0.0 1.0 0.0
0.987976 0.006012 0.002004 0.004008
0.0 0.012024 0.004008 0.983968
0.877756 0.0 0.012024 0.11022
0.803607 0.024048 0.146293 0.026052
0.190381 0.182365 0.551102 0.076152
