>M07967_2.00_GATA2_Homo_sapiens
0.104294 0.239264 0.237219 0.419223
0.126789 0.063395 0.484663 0.325153
0.132924132924133 0.206544206544207 0.507157507157507 0.153374153374153
0.188139 0.218814 0.335378 0.257669
0.251534 0.243354 0.314928 0.190184
0.231084 0.220859 0.351738 0.196319
0.208589 0.231084 0.374233 0.186094
0.198364 0.263804 0.314928 0.222904
0.292434 0.202454 0.364008 0.141104
0.141104 0.458078 0.327198 0.07362
0.693251306748693 0.0224949775050225 0.0143149856850143 0.26993873006127
0.0 0.0 1.0 0.0
1.0 0.0 0.0 0.0
0.0 0.002045 0.006135 0.99182
0.90593 0.00409 0.01227 0.07771
0.760736 0.026585 0.169734 0.042945
0.122699 0.208589 0.584867 0.083845
0.316973 0.233129 0.386503 0.063395
