>M08011_2.00_RFX5_Homo_sapiens
0.128319 0.09292 0.121681 0.65708
0.106194893805106 0.696902303097697 0.106194893805106 0.0907079092920907
0.584071 0.174779 0.137168 0.103982
0.099558 0.283186 0.285398 0.331858
0.0663719336280664 0.548672451327549 0.117256882743117 0.267698732301268
0.311947 0.028761 0.159292 0.5
0.033186 0.017699 0.924779 0.024336
0.004425 0.028761 0.022124 0.94469
0.073009073009073 0.183628183628184 0.042035042035042 0.701327701327701
0.199115 0.024336 0.573009 0.20354
0.002212 0.918142 0.002212 0.077434
0.006637 0.442478 0.015487 0.535398
0.668142 0.022124 0.278761 0.030973
0.176991 0.024336 0.617257 0.181416
0.057522 0.079646 0.809735 0.053097
