>M08250_2.00_ZNF35_Homo_sapiens
0.01634 0.042484 0.006536 0.934641
0.006536 0.035948 0.029412 0.928105
0.143791 0.140523 0.604575 0.111111
0.029412 0.143791 0.01634 0.810458
0.715686 0.062092 0.156863 0.065359
0.51634 0.006536 0.447712 0.029412
0.183007 0.081699 0.676471 0.058824
0.705882 0.052288 0.039216 0.202614
0.25817 0.009804 0.72549 0.006536
0.006536 0.833333 0.003268 0.156863
0.009804 0.003268 0.003268 0.98366
0.009804 0.934641 0.0 0.055556
0.006536 0.006536 0.0 0.986928
0.0 0.0 0.003268 0.996732
0.0 0.01634 0.009804 0.973856
0.820261 0.006536 0.163399 0.009804
0.003268 0.254902 0.0 0.74183
0.934641 0.003268 0.019608 0.042484
0.0 0.0 0.0 1.0
0.918301 0.006536 0.062092 0.013072
0.009804 0.026144 0.058824 0.905229
