>M08289_2.00_CTCF_Homo_sapiens
0.354167 0.181753 0.34842 0.115661
0.0524425 0.144397 0.750718 0.0524425
0.0208333 0.845546 0.000718391 0.132902
0.029454 0.0150862 0.891523 0.0639368
0.0122126 0.960489 0.0208333 0.00646552
0.00646552 0.960489 0.00359195 0.029454
0.190374 0.650144 0.104167 0.0553161
0.000718391 0.779454 0.00359195 0.216236
0.000718391 0.986351 0.00933908 0.00359195
0.0323276 0.121408 0.0581897 0.788075
0.170259 0.14727 0.624282 0.0581897
0.00646552 0.492098 0.463362 0.0380747
0.161638 0.351293 0.0553161 0.431753
0.00359195 0.0639368 0.900144 0.0323276
0.0409483 0.173132 0.739224 0.0466954
