>M08361_2.00_ZSCAN22_Homo_sapiens
0.104947 0.471257 0.243984 0.179813
0.195856 0.308155 0.243984 0.252005
0.0701872 0.0621658 0.765374 0.102273
0.0220588 0.858957 0.0274064 0.0915775
0.0140374 0.936497 0.00601604 0.0434492
0.0220588 0.0381016 0.217246 0.722594
0.000668449 0.992647 0.00601604 0.000668449
0.000668449 0.877674 0.00601604 0.115642
0.0782086 0.134358 0.409759 0.377674
0.000668449 0.971257 0.000668449 0.0274064
0.00601604 0.901738 0.0220588 0.0701872
0.383021 0.412433 0.161096 0.0434492
0.0354278 0.0220588 0.000668449 0.941845
0.000668449 0.957888 0.000668449 0.0407754
0.324198 0.059492 0.340241 0.27607
0.0487968 0.201203 0.701203 0.0487968
0.500668 0.235963 0.126337 0.137032
0.0381016 0.717246 0.129011 0.115642
