>M08357_2.00_ZNF322_Homo_sapiens
0.0814951 0.184436 0.674632 0.0594363
0.503064 0.0814951 0.184436 0.231005
0.0398284 0.0716912 0.777574 0.110907
0.162377 0.608456 0.0545343 0.174632
0.0128676 0.978554 0.00551471 0.00306373
0.0716912 0.0692402 0.0618873 0.797181
0.135417 0.088848 0.757966 0.0177696
0.0765931 0.485907 0.333946 0.103554
0.0569853 0.0569853 0.132966 0.753064
0.657475 0.245711 0.0569853 0.0398284
0.00551471 0.985907 0.00306373 0.00551471
0.24326 0.098652 0.306985 0.351103
0.0177696 0.456495 0.500613 0.0251225
0.512868 0.108456 0.159926 0.21875
0.0545343 0.0226716 0.865809 0.0569853
0.0716912 0.789828 0.0373775 0.101103
0.091299 0.711397 0.09375 0.103554
0.103554 0.159926 0.189338 0.547181
0.101103 0.216299 0.549632 0.132966
0.287377 0.208946 0.353554 0.150123
0.181985 0.284926 0.378064 0.155025
