>M08372_2.00_ZNF140_Homo_sapiens
0.0400281 0.899579 0.00912921 0.051264
0.739466 0.129916 0.0259831 0.104635
0.78441 0.0625 0.143961 0.00912921
0.000702247 0.0821629 0.00912921 0.908006
0.000702247 0.000702247 0.000702247 0.997893
0.0259831 0.966994 0.000702247 0.00632022
0.143961 0.579354 0.000702247 0.275983
0.132725 0.051264 0.778792 0.0372191
0.0456461 0.860253 0.0821629 0.0119382
0.0175562 0.247893 0.000702247 0.733848
0.000702247 0.865871 0.000702247 0.132725
0.315309 0.438904 0.0372191 0.208567
0.202949 0.315309 0.219803 0.261938
0.183287 0.295646 0.211376 0.309691
0.14677 0.42486 0.205758 0.222612
0.202949 0.419242 0.152388 0.225421
0.180478 0.430478 0.172051 0.216994
0.233848 0.3125 0.233848 0.219803
0.25632 0.278792 0.231039 0.233848
0.250702 0.222612 0.242275 0.28441
0.225421 0.298455 0.261938 0.214185
0.191713 0.388343 0.214185 0.205758
0.155197 0.419242 0.180478 0.245084
0.124298 0.469803 0.205758 0.20014
