>M08380_2.00_ZNF98_Homo_sapiens
0.146028 0.23014 0.211449 0.412383
0.122664 0.0946262 0.160047 0.622664
0.155374 0.0478972 0.496495 0.300234
0.0806075 0.720794 0.0478972 0.150701
0.010514 0.912383 0.00584112 0.0712617
0.0759346 0.169393 0.010514 0.744159
0.00116822 0.00116822 0.00584112 0.991822
0.00116822 0.00584112 0.00116822 0.991822
0.00116822 0.0852804 0.0525701 0.860981
0.0992991 0.0712617 0.0245327 0.804907
0.127336 0.276869 0.379673 0.216121
0.00116822 0.0852804 0.155374 0.758178
0.00116822 0.0151869 0.00116822 0.982477
0.0292056 0.0432243 0.716121 0.211449
0.00116822 0.0899533 0.220794 0.688084
0.244159 0.613318 0.00584112 0.136682
0.0198598 0.580607 0.0151869 0.384346
0.178738 0.178738 0.0385514 0.603972
0.178738 0.0992991 0.010514 0.711449
0.206776 0.169393 0.220794 0.403037
0.103972 0.220794 0.216121 0.459112
