>M08381_2.00_ZNF675_Homo_sapiens
0.430491 0.215537 0.0846963 0.269276
0.0216121 0.935164 0.00525701 0.0379673
0.706192 0.0426402 0.22021 0.0309579
0.000584112 0.00292056 0.00525701 0.991238
0.000584112 0.000584112 0.00292056 0.995911
0.0449766 0.166472 0.108061 0.680491
0.103388 0.026285 0.0823598 0.787967
0.199182 0.0356308 0.659463 0.105724
0.0286215 0.0776869 0.297313 0.596379
0.108061 0.860397 0.00525701 0.026285
0.108061 0.851051 0.00759346 0.0332944
0.0473131 0.229556 0.0169393 0.706192
0.0146028 0.9375 0.00992991 0.0379673
0.0216121 0.650117 0.0146028 0.313668
0.136098 0.175818 0.243575 0.444509
0.425818 0.0963785 0.339369 0.138435
0.316005 0.136098 0.36507 0.182827
0.103388 0.243575 0.262266 0.390771
0.0753505 0.79965 0.0356308 0.0893692
0.166472 0.652453 0.0379673 0.143107
0.122079 0.381425 0.098715 0.39778
