>M08318_2.00_ZNF394_Homo_sapiens
0.043478 0.362319 0.231884 0.362319
0.144928 0.507246 0.144928 0.202899
0.246377 0.347826 0.115942 0.289855
0.115942 0.202899 0.42029 0.26087
0.101449 0.57971 0.15942 0.15942
0.0 0.434783 0.144928 0.42029
0.144928 0.492754 0.188406 0.173913
0.086957 0.826087 0.043478 0.043478
0.681159 0.072464 0.014493 0.231884
0.0 0.101449 0.898551 0.0
0.086957 0.869565 0.028986 0.014493
0.0 0.014493 0.028986 0.956522
0.434783 0.202899 0.188406 0.173913
0.028986 0.971014 0.0 0.0
0.0 0.0 0.014493 0.985507
0.028986 0.971014 0.0 0.0
0.0 0.84058 0.0 0.15942
0.130435 0.231884 0.101449 0.536232
0.101449 0.492754 0.173913 0.231884
0.115942 0.449275 0.144928 0.289855
