>M08401_2.00_ZNF8_Homo_sapiens
0.237805 0.335366 0.248258 0.178571
0.20993 0.31446 0.133275 0.342334
0.0914634 0.227352 0.171603 0.509582
0.29007 0.272648 0.349303 0.0879791
0.0531359 0.213415 0.119338 0.614111
0.0182927 0.00087108 0.889373 0.0914634
0.00087108 0.00087108 0.993902 0.0043554
0.00087108 0.0740418 0.00087108 0.924216
0.990418 0.00087108 0.00087108 0.00783972
0.0775261 0.474739 0.0426829 0.405052
0.143728 0.00087108 0.851045 0.0043554
0.0635889 0.453833 0.0566202 0.425958
0.0601045 0.826655 0.0740418 0.0391986
0.286585 0.300523 0.0635889 0.349303
0.527003 0.143728 0.112369 0.216899
0.192509 0.20993 0.230836 0.366725
0.192509 0.108885 0.429443 0.269164
0.398084 0.29007 0.0984321 0.213415
