>M09585_2.00_PAX3_Homo_sapiens
0.589 0.052 0.146 0.214
0.003 0.595 0.401 0.001
0.001 0.746 0.001 0.252
0.472 0.006 0.505 0.017
0.018 0.001 0.075 0.906
0.194 0.003 0.787 0.015
0.782 0.015 0.102 0.1
0.087 0.911 0.001 0.001
0.222 0.101 0.025 0.652
0.958 0.002 0.039 0.001
0.997 0.001 0.001 0.001
0.091 0.022 0.018 0.868
0.06 0.213 0.195 0.532
0.273 0.199 0.29 0.237
0.322 0.216 0.27 0.192
