>M09504_2.00_CTCF_Homo_sapiens
0.051 0.01 0.033 0.905
0.003 0.005 0.991 0.001
0.015 0.93 0.001 0.054
0.935 0.008 0.001 0.056
0.203 0.064 0.707 0.026
0.023 0.023 0.018 0.936
0.244 0.041 0.165 0.55
0.049 0.905 0.013 0.033
0.09 0.738 0.005 0.167
0.373 0.329 0.136 0.162
0.38 0.254 0.26 0.105
0.303 0.314 0.208 0.175
0.398 0.149 0.152 0.301
0.293 0.157 0.378 0.172
0.051 0.319 0.044 0.586
0.275 0.057 0.517 0.152
0.244 0.041 0.638 0.077
0.041 0.951 0.003 0.005
0.001 0.995 0.001 0.003
0.928 0.003 0.015 0.054
