>M09623_2.00_PAX5_Homo_sapiens
0.001 0.166 0.384 0.448
0.024 0.938 0.033 0.005
0.931 0.031 0.033 0.005
0.109 0.256 0.477 0.157
0.159 0.345 0.368 0.128
0.226 0.178 0.534 0.062
0.656 0.024 0.171 0.149
0.001 0.408 0.59 0.001
0.001 0.755 0.05 0.194
0.173 0.01 0.803 0.014
0.007 0.014 0.001 0.978
0.019 0.001 0.979 0.001
0.92 0.001 0.055 0.024
0.019 0.971 0.009 0.001
