>M09610_2.00_AR_Homo_sapiens
0.356 0.24 0.261 0.144
0.485 0.001 0.411 0.102
0.044 0.001 0.944 0.011
0.407 0.198 0.268 0.127
0.892 0.018 0.042 0.047
0.001 0.987 0.011 0.001
0.83 0.001 0.046 0.123
0.096 0.292 0.409 0.203
0.262 0.243 0.233 0.262
0.199 0.414 0.291 0.096
0.124 0.043 0.001 0.832
0.001 0.01 0.988 0.001
0.045 0.039 0.026 0.89
0.133 0.276 0.201 0.39
0.022 0.923 0.001 0.054
0.104 0.427 0.001 0.467
