>M09603_2.00_PGR_Homo_sapiens
0.238 0.025 0.624 0.113
0.36 0.211 0.253 0.176
0.756 0.07 0.084 0.09
0.034 0.838 0.109 0.019
0.719 0.001 0.035 0.245
0.167 0.147 0.482 0.204
0.315 0.186 0.206 0.293
0.324 0.339 0.182 0.155
0.233 0.15 0.048 0.569
0.095 0.129 0.73 0.046
0.08 0.086 0.049 0.785
0.167 0.249 0.189 0.395
0.051 0.8 0.008 0.141
0.202 0.274 0.002 0.522
0.167 0.188 0.337 0.308
