>letter-probability matrix ANDR_HUMAN.H11MO.1.A: alength= 4 w= 16 nsites= 500
0.362	0.024	0.456	0.158
0.108	0.026000000000000002	0.808	0.058
0.372	0.21	0.224	0.194
0.8260000000000001	0.05	0.05	0.07400000000000001
0.002	0.932	0.03	0.036000000000000004
0.6980000000000001	0.024	0.078	0.2
0.12599999999999997	0.22999999999999998	0.352	0.292
0.0	0.0	0.38399999999999995	0.616
0.116	0.35600000000000004	0.4	0.128
0.146	0.066	0.013999999999999999	0.7739999999999999
0.004	0.032	0.962	0.002
0.08600000000000001	0.042	0.022000000000000002	0.85
0.21	0.16999999999999998	0.19399999999999998	0.42599999999999993
0.07400000000000001	0.806	0.006000000000000001	0.114
0.092	0.412	0.013999999999999999	0.48199999999999993
0.142	0.262	0.19599999999999998	0.39999999999999997
