>letter-probability matrix ANDR_HUMAN.H11MO.0.A: alength= 4 w= 18 nsites= 499
0.14829659318637273	0.07014028056112225	0.036072144288577156	0.7454909819639278
0.06212424849699399	0.04809619238476954	0.7775551102204409	0.11222444889779559
0.06813627254509019	0.06613226452905813	0.014028056112224449	0.8517034068136272
0.18837675350701402	0.1723446893787575	0.14428857715430862	0.4949899799599198
0.07815631262525051	0.7334669338677355	0.036072144288577156	0.1523046092184369
0.1222444889779559	0.2785571142284569	0.03206412825651302	0.5671342685370742
0.18036072144288576	0.1342685370741483	0.19639278557114226	0.4889779559118236
0.19839679358717432	0.1783567134268537	0.2164328657314629	0.406813627254509
0.17635270541082163	0.19238476953907815	0.2224448897795591	0.40881763527054105
0.2004008016032064	0.2565130260521042	0.12024048096192383	0.4228456913827655
0.07214428857715431	0.014028056112224449	0.014028056112224449	0.8997995991983968
0.2545090180360721	0.030060120240480957	0.691382765531062	0.02404809619238477
0.028056112224448898	0.022044088176352707	0.020040080160320644	0.9298597194388778
0.018036072144288578	0.006012024048096193	0.09819639278557114	0.8777555110220441
0.008016032064128258	0.008016032064128258	0.06412825651302606	0.9198396793587175
0.4208416833667335	0.028056112224448898	0.49498997995991983	0.056112224448897796
0.08617234468937875	0.5250501002004008	0.04809619238476954	0.34068136272545085
0.2905811623246493	0.15831663326653306	0.05410821643286572	0.49699398797595185
