>letter-probability matrix ASCL1_HUMAN.H11MO.0.A: alength= 4 w= 14 nsites= 480
0.18958333333333335	0.4375	0.17500000000000002	0.19791666666666669
0.21874999999999997	0.2458333333333333	0.16041666666666665	0.37499999999999994
0.22083333333333333	0.25416666666666665	0.4270833333333333	0.09791666666666667
0.006250000000000001	0.98125	0.0041666666666666675	0.008333333333333335
0.98125	0.0041666666666666675	0.0	0.014583333333333334
0.00625	0.6145833333333333	0.3583333333333333	0.020833333333333332
0.008333333333333335	0.9791666666666666	0.0020833333333333337	0.010416666666666668
0.008333333333333335	0.0020833333333333337	0.0020833333333333337	0.9875
0.0041666666666666675	0.0041666666666666675	0.9770833333333333	0.014583333333333334
0.008333333333333335	0.78125	0.08333333333333334	0.12708333333333333
0.08125	0.42083333333333334	0.006250000000000001	0.49166666666666664
0.10208333333333333	0.3854166666666667	0.275	0.2375
0.13124999999999998	0.4916666666666666	0.09791666666666665	0.2791666666666667
0.16666666666666666	0.40624999999999994	0.15208333333333332	0.27499999999999997
