>letter-probability matrix BARX1_HUMAN.H11MO.0.D: alength= 4 w= 12 nsites= 461
0.09978308026030369	0.36225596529284165	0.26898047722342733	0.26898047722342733
0.3644251626898048	0.013015184381778741	0.04338394793926247	0.579175704989154
0.7570498915401301	0.1843817787418655	0.0455531453362256	0.013015184381778741
0.9587852494577006	0.0021691973969631237	0.008676789587852495	0.03036876355748373
0.039045553145336226	0.0455531453362256	0.29718004338394793	0.6182212581344902
0.0650759219088937	0.021691973969631236	0.42733188720173537	0.48590021691973967
0.08893709327548807	0.1475054229934924	0.7418655097613883	0.021691973969631236
0.0455531453362256	0.1561822125813449	0.03253796095444685	0.7657266811279827
0.06290672451193059	0.04121475054229935	0.03253796095444685	0.8633405639913232
0.01735357917570499	0.021691973969631236	0.04338394793926247	0.9175704989154013
0.1475054229934924	0.3297180043383948	0.07158351409978309	0.4511930585683297
0.1540130151843818	0.2603036876355748	0.07809110629067245	0.5075921908893709
