>letter-probability matrix BATF3_HUMAN.H11MO.0.B: alength= 4 w= 17 nsites= 500
0.172	0.354	0.206	0.268
0.484	0.056	0.244	0.216
0.03	0.39	0.502	0.078
0.03	0.016	0.014	0.9400000000000001
0.046	0.064	0.008	0.882
0.042	0.16	0.042	0.756
0.018000000000000002	0.856	0.02	0.106
0.502	0.17800000000000002	0.12	0.2
0.21	0.182	0.21799999999999997	0.38999999999999996
0.22999999999999998	0.041999999999999996	0.064	0.6639999999999999
0.48199999999999993	0.19799999999999998	0.055999999999999994	0.264
0.008	0.0	0.01	0.982
0.012	0.024	0.81	0.154
0.864	0.006000000000000001	0.042	0.08800000000000001
0.09999999999999999	0.46199999999999997	0.318	0.11999999999999998
0.25199999999999995	0.11999999999999998	0.146	0.48199999999999993
0.242	0.386	0.186	0.186
