>letter-probability matrix BATF_HUMAN.H11MO.0.A: alength= 4 w= 18 nsites= 500
0.45199999999999996	0.078	0.264	0.206
0.048	0.4	0.34600000000000003	0.20600000000000002
0.012	0.018000000000000002	0.044000000000000004	0.926
0.134	0.32799999999999996	0.023999999999999997	0.514
0.086	0.23799999999999996	0.052	0.624
0.142	0.546	0.046	0.266
0.38	0.08600000000000001	0.396	0.138
0.37	0.11399999999999999	0.22999999999999998	0.286
0.33799999999999997	0.018	0.08399999999999999	0.5599999999999999
0.5780000000000001	0.158	0.022000000000000002	0.242
0.002	0.002	0.0	0.996
0.004	0.056	0.85	0.09000000000000001
0.978	0.008	0.012	0.002
0.104	0.5579999999999999	0.316	0.022
0.07200000000000001	0.03	0.02	0.878
0.212	0.508	0.212	0.068
0.6120000000000001	0.084	0.11	0.194
0.142	0.186	0.306	0.366
