>letter-probability matrix BCL6_HUMAN.H11MO.0.A: alength= 4 w= 13 nsites= 500
0.16	0.256	0.18999999999999997	0.39399999999999996
0.172	0.12599999999999997	0.414	0.288
0.14400000000000002	0.638	0.138	0.08
0.09399999999999999	0.22399999999999998	0.016	0.6659999999999999
0.038	0.18999999999999997	0.11199999999999999	0.6599999999999999
0.016	0.042	0.026000000000000002	0.916
0.006000000000000001	0.8300000000000001	0.02	0.14400000000000002
0.023999999999999997	0.43399999999999994	0.09399999999999999	0.44799999999999995
0.97	0.014	0.016	0.0
0.17200000000000001	0.002	0.772	0.054
0.026000000000000002	0.07	0.84	0.064
0.836	0.044000000000000004	0.084	0.036000000000000004
0.8200000000000001	0.054	0.07400000000000001	0.052000000000000005
