>letter-probability matrix BRAC_HUMAN.H11MO.0.A: alength= 4 w= 20 nsites= 500
0.11999999999999998	0.25199999999999995	0.146	0.48199999999999993
0.078	0.20199999999999999	0.106	0.614
0.336	0.312	0.224	0.128
0.33399999999999996	0.16399999999999998	0.37999999999999995	0.12199999999999998
0.138	0.674	0.128	0.06
0.67	0.07200000000000001	0.162	0.096
0.198	0.17400000000000002	0.40800000000000003	0.22
0.182	0.252	0.402	0.164
0.244	0.166	0.34	0.25
0.47000000000000003	0.19	0.23	0.11
0.34400000000000003	0.052000000000000005	0.438	0.166
0.06	0.128	0.748	0.064
0.038000000000000006	0.016	0.004	0.9420000000000001
0.002	0.014	0.97	0.014
0.22399999999999998	0.052	0.044	0.6799999999999999
0.032	0.15200000000000002	0.632	0.184
0.906	0.02	0.062	0.012
0.66	0.058	0.222	0.06
0.35	0.088	0.262	0.3
0.19999999999999998	0.136	0.19799999999999998	0.46599999999999997
