>letter-probability matrix CLOCK_HUMAN.H11MO.0.C: alength= 4 w= 14 nsites= 252
0.15873015873015872	0.5992063492063492	0.17857142857142858	0.06349206349206349
0.4246031746031746	0.11507936507936507	0.19047619047619047	0.2698412698412698
0.20238095238095238	0.14682539682539683	0.5119047619047619	0.1388888888888889
0.3373015873015873	0.32142857142857145	0.16666666666666666	0.1746031746031746
0.09523809523809523	0.8492063492063492	0.04365079365079365	0.011904761904761904
0.8095238095238095	0.06349206349206349	0.04365079365079365	0.08333333333333333
0.15476190476190477	0.6071428571428571	0.12698412698412698	0.1111111111111111
0.25396825396825395	0.05555555555555555	0.6428571428571429	0.047619047619047616
0.09523809523809523	0.11904761904761904	0.04365079365079365	0.7420634920634921
0.0873015873015873	0.023809523809523808	0.8611111111111112	0.027777777777777776
0.4007936507936508	0.3134920634920635	0.17857142857142858	0.10714285714285714
0.36904761904761907	0.24206349206349206	0.28174603174603174	0.10714285714285714
0.2222222222222222	0.3888888888888889	0.2896825396825397	0.0992063492063492
0.49206349206349204	0.2976190476190476	0.023809523809523808	0.1865079365079365
