>letter-probability matrix COT1_HUMAN.H11MO.0.C: alength= 4 w= 17 nsites= 500
0.18	0.146	0.54	0.134
0.288	0.074	0.5499999999999999	0.088
0.24799999999999997	0.078	0.592	0.08199999999999999
0.208	0.118	0.59	0.08399999999999999
0.086	0.15	0.362	0.40199999999999997
0.132	0.4759999999999999	0.29	0.102
0.632	0.112	0.194	0.062
0.412	0.047999999999999994	0.524	0.016
0.726	0.0	0.27	0.004
0.018000000000000002	0.0	0.912	0.07
0.016	0.01	0.962	0.012
0.01	0.078	0.27999999999999997	0.632
0.066	0.864	0.042	0.028
0.96	0.004	0.016	0.02
0.204	0.12599999999999997	0.518	0.152
0.226	0.184	0.494	0.096
0.186	0.168	0.506	0.14
