>letter-probability matrix COT2_HUMAN.H11MO.1.A: alength= 4 w= 17 nsites= 500
0.316	0.08600000000000001	0.43	0.168
0.264	0.046	0.564	0.12599999999999997
0.27	0.10200000000000001	0.508	0.12
0.182	0.184	0.512	0.12199999999999998
0.128	0.264	0.19999999999999998	0.408
0.198	0.544	0.124	0.134
0.638	0.07600000000000001	0.11800000000000001	0.168
0.49799999999999994	0.023999999999999997	0.45799999999999996	0.02
0.732	0.002	0.258	0.008
0.026000000000000002	0.004	0.9	0.07
0.028	0.01	0.91	0.052000000000000005
0.012	0.048	0.184	0.756
0.07	0.8320000000000001	0.048	0.05
0.958	0.014	0.016	0.012
0.226	0.18000000000000002	0.41600000000000004	0.17800000000000002
0.302	0.19599999999999998	0.374	0.128
0.26	0.154	0.46399999999999997	0.12199999999999998
