>letter-probability matrix CRX_HUMAN.H11MO.0.B: alength= 4 w= 13 nsites= 500
0.24799999999999997	0.16399999999999998	0.152	0.43599999999999994
0.534	0.104	0.262	0.09999999999999999
0.574	0.046	0.27599999999999997	0.104
0.172	0.092	0.566	0.16999999999999998
0.49799999999999994	0.16399999999999998	0.262	0.076
0.192	0.006000000000000001	0.776	0.026000000000000002
0.032	0.01	0.936	0.022000000000000002
0.764	0.218	0.016	0.002
0.0	0.0	0.0	1.0
0.022000000000000002	0.058	0.024	0.896
0.88	0.004	0.034	0.082
0.27	0.066	0.526	0.13799999999999998
0.23399999999999999	0.324	0.344	0.09799999999999999
