>letter-probability matrix CTCF_HUMAN.H11MO.0.A: alength= 4 w= 19 nsites= 500
0.09399999999999999	0.36	0.12599999999999997	0.42
0.152	0.16799999999999998	0.522	0.158
0.258	0.08399999999999999	0.5539999999999999	0.104
0.068	0.856	0.036000000000000004	0.04
0.002	0.996	0.002	0.0
0.7000000000000001	0.006000000000000001	0.242	0.052000000000000005
0.016	0.6519999999999999	0.322	0.01
0.098	0.5940000000000001	0.07400000000000001	0.234
0.906	0.018000000000000002	0.054	0.022000000000000002
0.002	0.002	0.992	0.004
0.38599999999999995	0.0	0.612	0.002
0.026	0.026	0.588	0.36
0.012	0.002	0.984	0.002
0.05	0.026000000000000002	0.86	0.064
0.068	0.876	0.012	0.044000000000000004
0.39599999999999996	0.013999999999999999	0.584	0.006
0.076	0.5619999999999999	0.32599999999999996	0.036
0.09599999999999999	0.422	0.11599999999999999	0.366
0.372	0.268	0.316	0.044
