>letter-probability matrix CTCFL_HUMAN.H11MO.0.A: alength= 4 w= 17 nsites= 450
0.16666666666666669	0.18222222222222223	0.44222222222222224	0.2088888888888889
0.044444444444444446	0.8333333333333334	0.07333333333333333	0.04888888888888889
0.017777777777777778	0.9422222222222222	0.02666666666666667	0.013333333333333334
0.34	0.06888888888888889	0.37333333333333335	0.2177777777777778
0.12444444444444443	0.4466666666666666	0.41777777777777775	0.01111111111111111
0.14222222222222222	0.5111111111111111	0.09111111111111111	0.25555555555555554
0.8733333333333333	0.044444444444444446	0.03111111111111111	0.051111111111111114
0.008888888888888889	0.011111111111111112	0.9777777777777777	0.0022222222222222222
0.2311111111111111	0.0	0.7555555555555555	0.013333333333333334
0.08	0.09111111111111111	0.7333333333333334	0.09555555555555556
0.008888888888888889	0.0022222222222222222	0.9822222222222222	0.006666666666666668
0.011111111111111112	0.013333333333333334	0.9355555555555556	0.04
0.08222222222222222	0.8977777777777778	0.0044444444444444444	0.015555555555555555
0.2111111111111111	0.0044444444444444444	0.768888888888889	0.015555555555555555
0.028888888888888888	0.7066666666666667	0.20666666666666667	0.057777777777777775
0.12888888888888886	0.40888888888888886	0.07777777777777778	0.3844444444444444
0.2644444444444444	0.26222222222222225	0.38	0.09333333333333334
