>letter-probability matrix DMRT1_HUMAN.H11MO.0.D: alength= 4 w= 17 nsites= 500
0.204	0.23199999999999998	0.118	0.44599999999999995
0.312	0.041999999999999996	0.272	0.374
0.062	0.046	0.864	0.028
0.388	0.336	0.046	0.23
0.36	0.102	0.074	0.46399999999999997
0.958	0.014	0.01	0.018000000000000002
0.04	0.934	0.01	0.016
0.878	0.006000000000000001	0.002	0.114
0.762	0.238	0.0	0.0
0.324	0.006	0.016	0.6539999999999999
0.01	0.02	0.968	0.002
0.03	0.004	0.008	0.958
0.49999999999999994	0.041999999999999996	0.11199999999999999	0.346
0.26	0.026	0.39999999999999997	0.314
0.012	0.916	0.026000000000000002	0.046
0.46599999999999997	0.23799999999999996	0.034	0.262
0.478	0.17400000000000002	0.194	0.154
