>letter-probability matrix E2F1_HUMAN.H11MO.0.A: alength= 4 w= 14 nsites= 500
0.32799999999999996	0.16	0.37799999999999995	0.134
0.23600000000000002	0.2	0.452	0.112
0.272	0.21	0.29	0.22799999999999998
0.19	0.10200000000000001	0.466	0.242
0.08199999999999999	0.19999999999999998	0.704	0.013999999999999999
0.018000000000000002	0.006000000000000001	0.966	0.01
0.056	0.922	0.004	0.018000000000000002
0.016	0.008	0.958	0.018000000000000002
0.022000000000000002	0.082	0.89	0.006000000000000001
0.068	0.034	0.89	0.008
0.856	0.02	0.09000000000000001	0.034
0.6539999999999999	0.064	0.272	0.01
0.39999999999999997	0.13999999999999999	0.366	0.09399999999999999
0.272	0.16399999999999998	0.39599999999999996	0.16799999999999998
