>letter-probability matrix E2F4_HUMAN.H11MO.1.A: alength= 4 w= 14 nsites= 500
0.106	0.22399999999999998	0.648	0.022
0.012	0.08600000000000001	0.902	0.0
0.042	0.932	0.008	0.018000000000000002
0.02	0.002	0.964	0.014
0.018	0.24599999999999997	0.732	0.004
0.032	0.07400000000000001	0.872	0.022000000000000002
0.75	0.098	0.136	0.016
0.7180000000000001	0.062	0.17200000000000001	0.048
0.39399999999999996	0.132	0.256	0.21799999999999997
0.22399999999999998	0.12199999999999998	0.19999999999999998	0.45399999999999996
0.146	0.204	0.184	0.46599999999999997
0.13	0.322	0.20199999999999999	0.346
0.314	0.176	0.33199999999999996	0.178
0.472	0.09999999999999999	0.316	0.11199999999999999
