>letter-probability matrix E2F6_HUMAN.H11MO.0.A: alength= 4 w= 13 nsites= 500
0.33799999999999997	0.148	0.34199999999999997	0.172
0.262	0.034	0.5559999999999999	0.148
0.154	0.12599999999999997	0.7	0.02
0.01	0.016	0.964	0.01
0.214	0.7080000000000001	0.012	0.066
0.04	0.018000000000000002	0.894	0.048
0.024	0.048	0.896	0.032
0.07200000000000001	0.044000000000000004	0.872	0.012
0.9420000000000001	0.032	0.014	0.012
0.512	0.036	0.43599999999999994	0.016
0.384	0.108	0.438	0.07
0.27799999999999997	0.21799999999999997	0.37799999999999995	0.12599999999999997
0.27599999999999997	0.162	0.42599999999999993	0.136
