>letter-probability matrix EGR1_HUMAN.H11MO.0.A: alength= 4 w= 17 nsites= 500
0.232	0.248	0.41000000000000003	0.11
0.32	0.128	0.318	0.23399999999999999
0.27799999999999997	0.18	0.45999999999999996	0.08199999999999999
0.236	0.11199999999999999	0.354	0.298
0.112	0.03	0.808	0.05
0.23600000000000002	0.506	0.046	0.212
0.056	0.034	0.87	0.04
0.032	0.004	0.41	0.5539999999999999
0.092	0.002	0.892	0.014
0.016	0.004	0.958	0.022000000000000002
0.024	0.032	0.93	0.014
0.21999999999999997	0.4759999999999999	0.004	0.3
0.08800000000000001	0.01	0.842	0.06
0.11	0.022000000000000002	0.6960000000000001	0.17200000000000001
0.33799999999999997	0.128	0.40599999999999997	0.128
0.312	0.082	0.456	0.15000000000000002
0.264	0.182	0.43599999999999994	0.118
