>letter-probability matrix EGR2_HUMAN.H11MO.1.A: alength= 4 w= 16 nsites= 498
0.19477911646586346	0.14457831325301207	0.45783132530120485	0.20281124497991967
0.28112449799196787	0.17269076305220882	0.4538152610441767	0.09236947791164658
0.18875502008032127	0.1004016064257028	0.37349397590361444	0.3373493975903614
0.06224899598393575	0.06626506024096387	0.8493975903614458	0.022088353413654623
0.24497991967871485	0.3654618473895582	0.058232931726907626	0.33132530120481923
0.006024096385542171	0.01807228915662651	0.9698795180722891	0.006024096385542171
0.012048192771084336	0.010040160642570281	0.3473895582329317	0.6305220883534136
0.16265060240963852	0.004016064257028113	0.8132530120481928	0.020080321285140562
0.02409638554216868	0.010040160642570283	0.9236947791164659	0.042168674698795185
0.02409638554216868	0.01807228915662651	0.9538152610441767	0.004016064257028113
0.321285140562249	0.35742971887550196	0.012048192771084336	0.3092369477911646
0.032128514056224904	0.006024096385542171	0.9116465863453815	0.05020080321285141
0.06827309236947793	0.02811244979919679	0.7128514056224899	0.19076305220883538
0.2991967871485944	0.09437751004016065	0.4598393574297189	0.14658634538152612
0.22088353413654616	0.08032128514056225	0.5240963855421686	0.17469879518072287
0.18875502008032127	0.1646586345381526	0.5160642570281124	0.13052208835341364
