>letter-probability matrix EGR2_HUMAN.H11MO.0.A: alength= 4 w= 18 nsites= 500
0.21599999999999997	0.074	0.612	0.09799999999999999
0.29400000000000004	0.096	0.41200000000000003	0.198
0.22799999999999998	0.074	0.622	0.076
0.254	0.068	0.502	0.17600000000000002
0.32	0.10400000000000001	0.506	0.07
0.15	0.104	0.44999999999999996	0.296
0.07600000000000001	0.10200000000000001	0.766	0.056
0.37	0.18999999999999997	0.044	0.39599999999999996
0.034	0.022000000000000002	0.93	0.014
0.04	0.011999999999999999	0.46199999999999997	0.48599999999999993
0.182	0.006000000000000001	0.794	0.018000000000000002
0.036000000000000004	0.014	0.89	0.06
0.024	0.04	0.916	0.02
0.35	0.282	0.022	0.346
0.058	0.006000000000000001	0.874	0.062
0.07600000000000001	0.034	0.782	0.108
0.342	0.07400000000000001	0.502	0.082
0.25399999999999995	0.047999999999999994	0.5619999999999999	0.136
