>letter-probability matrix ESR1_HUMAN.H11MO.0.A: alength= 4 w= 15 nsites= 500
0.638	0.047999999999999994	0.26	0.05399999999999999
0.07400000000000001	0.006000000000000001	0.808	0.112
0.046	0.018000000000000002	0.908	0.028
0.09399999999999999	0.072	0.178	0.6559999999999999
0.002	0.888	0.048	0.062
0.856	0.006000000000000001	0.112	0.026000000000000002
0.10799999999999998	0.44199999999999995	0.312	0.13799999999999998
0.39599999999999996	0.604	0.0	0.0
0.182	0.37599999999999995	0.286	0.156
0.10400000000000001	0.078	0.044000000000000004	0.774
0.054	0.034	0.908	0.004
0.618	0.198	0.07	0.114
0.04	0.884	0.014	0.062
0.09000000000000001	0.8220000000000001	0.008	0.08
0.057999999999999996	0.32999999999999996	0.066	0.546
