>letter-probability matrix ESR2_HUMAN.H11MO.0.A: alength= 4 w= 15 nsites= 497
0.49496981891348085	0.096579476861167	0.36217303822937624	0.04627766599597585
0.11468812877263582	0.012072434607645876	0.7907444668008049	0.08249496981891348
0.04627766599597586	0.026156941649899398	0.8591549295774648	0.06841046277665996
0.096579476861167	0.11670020120724345	0.2293762575452716	0.5573440643863179
0.01609657947686117	0.7987927565392354	0.052313883299798795	0.13279678068410464
0.6217303822937627	0.03420523138832998	0.24748490945674045	0.09657947686116701
0.0925553319919517	0.511066398390342	0.2655935613682093	0.13078470824949698
0.0	0.6680080482897384	0.0	0.3319919517102615
0.12273641851106638	0.42253521126760557	0.2676056338028169	0.18712273641851104
0.04024144869215292	0.23943661971830985	0.030181086519114685	0.6901408450704225
0.08249496981891348	0.026156941649899398	0.8913480885311872	0.0
0.5211267605633803	0.27364185110663986	0.08651911468812877	0.1187122736418511
0.024144869215291753	0.8450704225352113	0.022132796780684107	0.10865191146881288
0.08249496981891348	0.8470824949698189	0.012072434607645876	0.05835010060362173
0.07243460764587525	0.3561368209255533	0.03621730382293763	0.5352112676056338
