>letter-probability matrix ETS2_HUMAN.H11MO.0.B: alength= 4 w= 13 nsites= 500
0.23	0.14	0.436	0.194
0.318	0.146	0.346	0.18999999999999997
0.322	0.27999999999999997	0.298	0.09999999999999999
0.4739999999999999	0.076	0.366	0.08399999999999999
0.192	0.008	0.752	0.048
0.004	0.01	0.968	0.018000000000000002
0.982	0.016	0.0	0.002
0.954	0.018000000000000002	0.024	0.004
0.38199999999999995	0.08399999999999999	0.52	0.013999999999999999
0.392	0.262	0.198	0.14800000000000002
0.422	0.048	0.46	0.07
0.33	0.08600000000000001	0.496	0.08800000000000001
0.49599999999999994	0.09999999999999999	0.32	0.08399999999999999
