>letter-probability matrix ETV5_HUMAN.H11MO.0.C: alength= 4 w= 14 nsites= 500
0.32799999999999996	0.18	0.38199999999999995	0.10999999999999999
0.45599999999999996	0.088	0.32799999999999996	0.128
0.29800000000000004	0.098	0.494	0.11
0.19999999999999998	0.418	0.346	0.036
0.84	0.036000000000000004	0.084	0.04
0.016	0.006000000000000001	0.962	0.016
0.044000000000000004	0.016	0.936	0.004
0.794	0.068	0.10200000000000001	0.036000000000000004
0.946	0.006000000000000001	0.012	0.036000000000000004
0.372	0.06199999999999999	0.548	0.018
0.22799999999999998	0.09999999999999999	0.23199999999999998	0.43999999999999995
0.21799999999999997	0.106	0.538	0.13799999999999998
0.40599999999999997	0.11999999999999998	0.38599999999999995	0.088
0.272	0.21599999999999997	0.374	0.13799999999999998
