>letter-probability matrix EVX1_HUMAN.H11MO.0.D: alength= 4 w= 13 nsites= 500
0.2222307157998759	0.005919341620495338	0.0630113935885623	0.7088385489910665
0.12019436827026853	0.03897282399638404	0.8002971563042545	0.04053565142909302
0.8323914183756225	0.04201099348247062	0.0075187211350601245	0.1180788670068468
0.042438356563695885	0.0035288836692775032	0.04097282914395547	0.9130599306230711
0.06660197233869229	0.004271186360242027	0.036430125789645676	0.89269671551142
0.05748210237626074	0.06270397215718139	0.18235931628303811	0.6974546091835198
0.9573047703953097	0.01732058750962325	0.023548824404369555	0.0018258176906974666
0.019207620002908373	0.12779726346819015	0.03400001246543513	0.8189951040634663
0.17848497400735705	0.016036952342842064	0.5267364900953936	0.2787415835544072
0.26518921690684516	0.06260859153290549	0.5381706660080464	0.13403152555220296
0.07528727805599662	0.5068829300612335	0.18036976916846628	0.23746002271430372
0.1499231248008169	0.38268269071217753	0.09913002956221181	0.3682641549247937
0.23062895144863702	0.20365376098969296	0.133453179912541	0.43226410764912904
