>letter-probability matrix FEZF1_HUMAN.H11MO.0.C: alength= 4 w= 12 nsites= 500
0.30600000000000005	0.122	0.362	0.21
0.132	0.48599999999999993	0.074	0.308
0.07	0.032	0.022000000000000002	0.876
0.012	0.02	0.95	0.018000000000000002
0.013999999999999999	0.5559999999999999	0.102	0.32799999999999996
0.026	0.43399999999999994	0.052	0.48799999999999993
0.062	0.726	0.026000000000000002	0.186
0.23999999999999996	0.05999999999999999	0.013999999999999999	0.6859999999999999
0.006000000000000001	0.134	0.05	0.81
0.02	0.01	0.018000000000000002	0.952
0.044	0.11599999999999999	0.06999999999999999	0.7699999999999999
0.172	0.33199999999999996	0.158	0.33799999999999997
