>letter-probability matrix FLI1_HUMAN.H11MO.0.A: alength= 4 w= 18 nsites= 497
0.2092555331991952	0.227364185110664	0.44064386317907445	0.12273641851106641
0.3158953722334004	0.14889336016096583	0.4325955734406439	0.10261569416498996
0.44668008048289737	0.08651911468812878	0.3742454728370222	0.09255533199195172
0.20120724346076463	0.05432595573440645	0.6539235412474849	0.09054325955734407
0.2997987927565393	0.036217303822937634	0.635814889336016	0.028169014084507046
0.4225352112676056	0.3883299798792757	0.1830985915492958	0.006036217303822939
0.9154929577464789	0.03420523138832999	0.040241448692152924	0.010060362173038231
0.004024144869215293	0.004024144869215293	0.9818913480885312	0.010060362173038231
0.0020120724346076465	0.012072434607645876	0.9859154929577465	0.0
0.937625754527163	0.018108651911468817	0.044265593561368215	0.0
0.9577464788732394	0.0020120724346076465	0.0261569416498994	0.014084507042253523
0.14688128772635817	0.028169014084507046	0.8229376257545271	0.0020120724346076465
0.1348088531187123	0.17102615694164994	0.5010060362173038	0.19315895372233402
0.4104627766599598	0.12474849094567406	0.40241448692152926	0.06237424547283703
0.39436619718309857	0.07645875251509056	0.4748490945674045	0.05432595573440645
0.3018108651911469	0.12072434607645877	0.5090543259557344	0.06841046277665998
0.24144869215291753	0.15090543259557346	0.5291750503018109	0.0784708249496982
0.38832997987927564	0.130784708249497	0.36418511066398396	0.11670020120724348
