>letter-probability matrix FOXO1_HUMAN.H11MO.0.A: alength= 4 w= 12 nsites= 500
0.186	0.16	0.26	0.39399999999999996
0.09599999999999999	0.31	0.256	0.33799999999999997
0.06	0.452	0.254	0.234
0.04	0.4779999999999999	0.16999999999999998	0.312
0.006000000000000001	0.012	0.014	0.968
0.032	0.034	0.918	0.016
0.004	0.186	0.016	0.794
0.01	0.03	0.062	0.898
0.011999999999999999	0.04	0.22199999999999998	0.726
0.40399999999999997	0.22399999999999998	0.052	0.32
0.006000000000000001	0.6920000000000001	0.052000000000000005	0.25
0.22599999999999998	0.264	0.176	0.33399999999999996
