>letter-probability matrix GATA1_HUMAN.H11MO.0.A: alength= 4 w= 19 nsites= 500
0.192	0.404	0.20600000000000002	0.198
0.11599999999999999	0.144	0.18999999999999997	0.5499999999999999
0.056	0.078	0.64	0.226
0.118	0.206	0.38999999999999996	0.286
0.19399999999999998	0.314	0.282	0.21
0.268	0.24599999999999997	0.27799999999999997	0.208
0.224	0.21	0.368	0.198
0.262	0.16799999999999998	0.33999999999999997	0.22999999999999998
0.214	0.224	0.314	0.248
0.33199999999999996	0.18799999999999997	0.324	0.156
0.184	0.38799999999999996	0.322	0.106
0.7200000000000001	0.02	0.008	0.252
0.006000000000000001	0.0	0.994	0.0
0.996	0.0	0.0	0.004
0.002	0.0	0.012	0.986
0.946	0.004	0.014	0.036000000000000004
0.858	0.016	0.09000000000000001	0.036000000000000004
0.21399999999999997	0.154	0.5539999999999999	0.078
0.352	0.18799999999999997	0.346	0.11399999999999999
