>letter-probability matrix GATA2_HUMAN.H11MO.0.A: alength= 4 w= 19 nsites= 500
0.132	0.452	0.226	0.19
0.12399999999999999	0.104	0.158	0.614
0.08	0.05	0.652	0.218
0.132	0.222	0.41400000000000003	0.232
0.272	0.156	0.29	0.282
0.304	0.158	0.306	0.23199999999999998
0.248	0.198	0.368	0.186
0.27	0.19599999999999998	0.27599999999999997	0.258
0.22199999999999998	0.22399999999999998	0.268	0.286
0.326	0.114	0.34400000000000003	0.216
0.19199999999999998	0.33799999999999997	0.372	0.09799999999999999
0.774	0.004	0.008	0.214
0.0	0.0	0.996	0.004
0.986	0.0	0.008	0.006000000000000001
0.006000000000000001	0.002	0.016	0.976
0.966	0.006000000000000001	0.0	0.028
0.844	0.01	0.114	0.032
0.13999999999999999	0.16799999999999998	0.628	0.064
0.344	0.19199999999999998	0.38999999999999996	0.074
