>letter-probability matrix GCR_HUMAN.H11MO.0.A: alength= 4 w= 15 nsites= 500
0.47	0.046	0.354	0.13
0.092	0.01	0.838	0.06
0.444	0.156	0.218	0.182
0.898	0.026000000000000002	0.028	0.048
0.012	0.948	0.026000000000000002	0.014
0.762	0.028	0.09000000000000001	0.12
0.158	0.298	0.352	0.19199999999999998
0.632	0.368	0.0	0.0
0.402	0.28400000000000003	0.218	0.096
0.18	0.05399999999999999	0.036	0.73
0.014	0.022000000000000002	0.954	0.01
0.052000000000000005	0.038000000000000006	0.024	0.886
0.18999999999999997	0.266	0.182	0.362
0.062	0.848	0.006000000000000001	0.084
0.176	0.352	0.026	0.44599999999999995
