>letter-probability matrix GRHL1_HUMAN.H11MO.0.D: alength= 4 w= 12 nsites= 500
0.662	0.06	0.092	0.186
0.576	0.011999999999999999	0.142	0.27
0.012	0.954	0.03	0.004
0.014	0.8300000000000001	0.004	0.15200000000000002
0.32599999999999996	0.016	0.184	0.4739999999999999
0.004	0.046	0.894	0.056
0.008	0.166	0.046	0.78
0.023999999999999997	0.22799999999999998	0.041999999999999996	0.706
0.05399999999999999	0.354	0.032	0.5599999999999999
0.074	0.19599999999999998	0.19799999999999998	0.532
0.22799999999999998	0.18799999999999997	0.23799999999999996	0.346
0.044000000000000004	0.792	0.052000000000000005	0.112
