>letter-probability matrix HAND1_HUMAN.H11MO.0.D: alength= 4 w= 17 nsites= 500
0.242	0.114	0.44	0.20400000000000001
0.154	0.132	0.496	0.218
0.136	0.266	0.45199999999999996	0.146
0.038000000000000006	0.402	0.052000000000000005	0.508
0.024	0.948	0.006000000000000001	0.022000000000000002
0.016	0.0	0.0	0.984
0.002	0.002	0.988	0.008
0.002	0.224	0.614	0.16
0.182	0.304	0.12599999999999997	0.38799999999999996
0.19199999999999998	0.25199999999999995	0.09399999999999999	0.46199999999999997
0.33599999999999997	0.102	0.027999999999999997	0.534
0.178	0.22199999999999998	0.292	0.308
0.049999999999999996	0.236	0.074	0.64
0.16999999999999998	0.312	0.39799999999999996	0.11999999999999998
0.024	0.026000000000000002	0.034	0.916
0.02	0.868	0.05	0.062
0.6120000000000001	0.108	0.036000000000000004	0.244
