>letter-probability matrix HNF1A_HUMAN.H11MO.0.C: alength= 4 w= 15 nsites= 500
0.32	0.046	0.4	0.234
0.14600000000000002	0.034	0.7200000000000001	0.1
0.046	0.066	0.11399999999999999	0.7739999999999999
0.128	0.102	0.09	0.6799999999999999
0.914	0.004	0.048	0.034
0.792	0.138	0.018000000000000002	0.052000000000000005
0.21	0.01	0.028	0.752
0.0	0.0	0.586	0.414
0.726	0.01	0.048	0.216
0.08	0.024	0.064	0.8320000000000001
0.024	0.066	0.012	0.898
0.724	0.04	0.07200000000000001	0.164
0.774	0.08	0.082	0.064
0.108	0.7220000000000001	0.036000000000000004	0.134
0.21599999999999997	0.33999999999999997	0.032	0.412
