>letter-probability matrix HNF1B_HUMAN.H11MO.0.A: alength= 4 w= 15 nsites= 500
0.326	0.068	0.35800000000000004	0.248
0.14800000000000002	0.034	0.756	0.062
0.028	0.08	0.08	0.812
0.146	0.08199999999999999	0.046	0.726
0.98	0.002	0.016	0.002
0.9380000000000001	0.046	0.006000000000000001	0.01
0.056	0.01	0.006000000000000001	0.928
0.41	0.0	0.59	0.0
0.762	0.004	0.054	0.18000000000000002
0.046	0.024	0.122	0.808
0.016	0.038000000000000006	0.002	0.9440000000000001
0.6920000000000001	0.064	0.134	0.11
0.798	0.094	0.066	0.042
0.078	0.732	0.042	0.14800000000000002
0.24199999999999997	0.358	0.064	0.33599999999999997
