>letter-probability matrix HNF4G_HUMAN.H11MO.0.B: alength= 4 w= 14 nsites= 500
0.282	0.25399999999999995	0.354	0.10999999999999999
0.456	0.032	0.398	0.114
0.07200000000000001	0.018000000000000002	0.848	0.062
0.182	0.06999999999999999	0.32599999999999996	0.422
0.15	0.308	0.27799999999999997	0.264
0.008	0.926	0.01	0.056
0.95	0.022000000000000002	0.016	0.012
0.846	0.008	0.14400000000000002	0.002
0.922	0.0	0.068	0.01
0.008	0.006000000000000001	0.968	0.018000000000000002
0.016	0.008	0.38199999999999995	0.594
0.041999999999999996	0.49599999999999994	0.128	0.33399999999999996
0.018000000000000002	0.836	0.016	0.13
0.7020000000000001	0.064	0.13	0.10400000000000001
