>letter-probability matrix HNF4A_HUMAN.H11MO.0.A: alength= 4 w= 14 nsites= 500
0.29	0.176	0.418	0.11599999999999999
0.46	0.034	0.426	0.08
0.07400000000000001	0.018000000000000002	0.856	0.052000000000000005
0.146	0.044	0.40199999999999997	0.408
0.134	0.32599999999999996	0.26	0.27999999999999997
0.008	0.904	0.008	0.08
0.948	0.014	0.032	0.006000000000000001
0.904	0.018000000000000002	0.07	0.008
0.932	0.0	0.056	0.012
0.006000000000000001	0.004	0.968	0.022000000000000002
0.028	0.01	0.192	0.77
0.041999999999999996	0.64	0.057999999999999996	0.26
0.018000000000000002	0.894	0.01	0.078
0.764	0.07	0.084	0.082
