>letter-probability matrix HSF1_HUMAN.H11MO.0.A: alength= 4 w= 15 nsites= 500
0.14799999999999996	0.22799999999999992	0.22399999999999992	0.4000000000000001
0.42199999999999993	0.05599999999999999	0.4900000000000001	0.031999999999999994
0.012000000000000005	0.006000000000000004	0.978	0.004000000000000003
0.95	0.02000000000000001	0.02000000000000001	0.010000000000000005
0.85	0.034000000000000016	0.05400000000000003	0.06200000000000003
0.244	0.188	0.29600000000000004	0.27199999999999996
0.15599999999999994	0.2779999999999999	0.4040000000000001	0.16199999999999995
0.108	0.08800000000000001	0.05999999999999997	0.744
0.11600000000000005	0.016	0.088	0.7799999999999999
0.05199999999999998	0.9440000000000001	0.004	0.0
0.012000000000000004	0.3200000000000001	0.032000000000000015	0.6359999999999998
0.5639999999999998	0.05999999999999998	0.3680000000000001	0.007999999999999998
0.006000000000000004	0.008000000000000005	0.986	0.0
0.9119999999999999	0.030000000000000013	0.030000000000000013	0.028000000000000014
0.7879999999999999	0.06600000000000003	0.10200000000000005	0.044000000000000025
