>letter-probability matrix IRF1_HUMAN.H11MO.0.A: alength= 4 w= 20 nsites= 499
0.33867735470941884	0.17635270541082163	0.3567134268537074	0.1282565130260521
0.6052104208416834	0.09819639278557114	0.19238476953907815	0.10420841683366734
0.657314629258517	0.09619238476953908	0.12825651302605212	0.11823647294589179
0.7354709418837676	0.07414829659318638	0.07815631262525051	0.11222444889779559
0.3106212424849699	0.2284569138276553	0.2665330661322645	0.1943887775551102
0.2985971943887775	0.13827655310621242	0.15230460921843686	0.4108216432865731
0.16633266533066132	0.008016032064128258	0.8216432865731463	0.004008016032064129
0.9338677354709419	0.010020040080160322	0.04609218436873748	0.010020040080160322
0.9879759519038076	0.0020040080160320644	0.0	0.010020040080160322
0.9839679358717435	0.0020040080160320644	0.006012024048096193	0.008016032064128258
0.13627254509018036	0.36472945891783565	0.468937875751503	0.030060120240480957
0.2004008016032064	0.1002004008016032	0.022044088176352703	0.6773547094188377
0.10621242484969941	0.004008016032064129	0.8877755511022044	0.0020040080160320644
0.9378757515030061	0.016032064128256515	0.04208416833667335	0.004008016032064129
0.9619238476953907	0.0	0.028056112224448898	0.010020040080160322
0.9859719438877755	0.004008016032064129	0.004008016032064129	0.006012024048096193
0.044088176352705406	0.3607214428857715	0.5470941883767535	0.04809619238476954
0.19639278557114226	0.24248496993987972	0.07615230460921843	0.48496993987975945
0.468937875751503	0.12424849699398796	0.30861723446893785	0.09819639278557113
0.4368737474949899	0.16032064128256512	0.2685370741482966	0.1342685370741483
