>letter-probability matrix IRF2_HUMAN.H11MO.0.A: alength= 4 w= 20 nsites= 498
0.285140562248996	0.17871485943775098	0.36746987951807225	0.1686746987951807
0.6144578313253013	0.0963855421686747	0.21485943775100402	0.07429718875502009
0.7128514056224899	0.07228915662650603	0.10843373493975904	0.10642570281124498
0.7550200803212852	0.05622489959839357	0.0783132530120482	0.11044176706827309
0.2831325301204819	0.19879518072289154	0.38554216867469876	0.13253012048192772
0.25903614457831325	0.2228915662650602	0.12650602409638553	0.39156626506024095
0.16867469879518074	0.024096385542168676	0.7991967871485944	0.008032128514056226
0.9779116465863453	0.0	0.020080321285140562	0.0020080321285140565
0.9939759036144579	0.0020080321285140565	0.004016064257028113	0.0
0.9718875502008032	0.0	0.016064257028112452	0.012048192771084338
0.13052208835341364	0.26305220883534136	0.5903614457831325	0.01606425702811245
0.08835341365461846	0.2188755020080321	0.008032128514056224	0.6847389558232931
0.05421686746987952	0.010040160642570281	0.9216867469879518	0.014056224899598393
0.9437751004016064	0.010040160642570281	0.0461847389558233	0.0
0.9879518072289156	0.0	0.012048192771084338	0.0
0.9779116465863453	0.0	0.012048192771084338	0.010040160642570281
0.006024096385542169	0.37751004016064255	0.5823293172690763	0.03413654618473896
0.09839357429718874	0.26305220883534136	0.0642570281124498	0.5742971887550201
0.40361445783132527	0.1285140562248996	0.38353413654618473	0.08433734939759036
0.3654618473895582	0.20883534136546184	0.3092369477911646	0.11646586345381525
