>letter-probability matrix IRF3_HUMAN.H11MO.0.B: alength= 4 w= 20 nsites= 500
0.3	0.078	0.514	0.108
0.604	0.044000000000000004	0.30000000000000004	0.052000000000000005
0.678	0.06600000000000002	0.21400000000000002	0.04200000000000001
0.72	0.07400000000000001	0.11000000000000001	0.09600000000000002
0.306	0.108	0.45599999999999996	0.13
0.224	0.05399999999999999	0.558	0.164
0.20199999999999999	0.054	0.732	0.012
0.82	0.018000000000000002	0.14800000000000002	0.014000000000000002
0.816	0.036000000000000004	0.126	0.022000000000000002
0.9	0.016000000000000004	0.030000000000000002	0.054000000000000006
0.22400000000000003	0.262	0.44600000000000006	0.06800000000000002
0.292	0.08800000000000001	0.40199999999999997	0.21799999999999997
0.19999999999999998	0.006000000000000001	0.784	0.01
0.674	0.024000000000000004	0.29000000000000004	0.012000000000000002
0.88	0.036000000000000004	0.07200000000000001	0.012000000000000002
0.942	0.004000000000000001	0.04000000000000001	0.014000000000000002
0.096	0.31399999999999995	0.548	0.042
0.266	0.142	0.274	0.318
0.22799999999999998	0.122	0.5860000000000001	0.064
0.682	0.07000000000000002	0.17800000000000002	0.07000000000000002
