>letter-probability matrix IRF4_HUMAN.H11MO.0.A: alength= 4 w= 18 nsites= 500
0.354	0.176	0.324	0.146
0.53	0.112	0.192	0.166
0.652	0.07200000000000001	0.112	0.164
0.48799999999999993	0.05999999999999999	0.19399999999999998	0.258
0.236	0.12599999999999997	0.574	0.064
0.512	0.146	0.304	0.038
0.214	0.004	0.76	0.022000000000000002
0.03	0.016	0.952	0.002
0.97	0.018000000000000002	0.004	0.008
0.96	0.004	0.01	0.026000000000000002
0.058	0.438	0.48	0.024
0.068	0.084	0.022000000000000002	0.8260000000000001
0.036000000000000004	0.016	0.9440000000000001	0.004
0.9	0.004	0.084	0.012
0.692	0.027999999999999997	0.26	0.02
0.936	0.032	0.018000000000000002	0.014
0.16799999999999998	0.44399999999999995	0.35	0.038
0.208	0.27599999999999997	0.09399999999999999	0.422
