>letter-probability matrix IRF8_HUMAN.H11MO.0.B: alength= 4 w= 20 nsites= 500
0.36000000000000004	0.17400000000000002	0.30999999999999994	0.156
0.48800000000000004	0.094	0.20800000000000002	0.21
0.5680000000000001	0.10200000000000001	0.138	0.192
0.544	0.056	0.154	0.246
0.318	0.136	0.4779999999999999	0.068
0.484	0.136	0.348	0.032
0.20600000000000002	0.0020000000000000005	0.788	0.004000000000000001
0.13799999999999998	0.002	0.858	0.002
0.992	0.006000000000000002	0.0020000000000000005	0.0
0.962	0.016000000000000004	0.006000000000000002	0.016000000000000004
0.138	0.31799999999999995	0.522	0.022000000000000002
0.072	0.066	0.0	0.862
0.018000000000000002	0.006000000000000002	0.966	0.010000000000000002
0.868	0.008000000000000002	0.10600000000000001	0.018000000000000002
0.848	0.016000000000000004	0.12200000000000001	0.014000000000000002
0.948	0.016000000000000004	0.014000000000000002	0.022000000000000002
0.106	0.41400000000000003	0.46599999999999997	0.013999999999999999
0.132	0.24599999999999997	0.057999999999999996	0.564
0.34600000000000003	0.15200000000000002	0.32399999999999995	0.17800000000000002
0.38	0.16999999999999998	0.3	0.15
