>letter-probability matrix KAISO_HUMAN.H11MO.0.A: alength= 4 w= 15 nsites= 498
0.13253012048192772	0.4156626506024096	0.37550200803212846	0.07630522088353413
0.5281124497991968	0.12650602409638553	0.2068273092369478	0.13855421686746988
0.5080321285140562	0.10240963855421686	0.37148594377510036	0.018072289156626505
0.4196787148594377	0.13654618473895583	0.323293172690763	0.12048192771084336
0.0823293172690763	0.25903614457831325	0.1606425702811245	0.49799196787148586
0.2891566265060241	0.5923694779116465	0.09437751004016064	0.024096385542168672
0.09437751004016064	0.1686746987951807	0.13052208835341364	0.606425702811245
0.014056224899598393	0.9497991967871486	0.02208835341365462	0.014056224899598393
0.0461847389558233	0.008032128514056226	0.929718875502008	0.016064257028112452
0.020080321285140562	0.9257028112449799	0.010040160642570281	0.04417670682730924
0.01807228915662651	0.00602409638554217	0.9618473895582329	0.014056224899598393
0.8072289156626506	0.026104417670682733	0.15461847389558234	0.012048192771084338
0.03614457831325302	0.032128514056224904	0.8654618473895582	0.06626506024096386
0.7871485943775101	0.050200803212851405	0.14257028112449802	0.020080321285140562
0.3353413654618474	0.20481927710843373	0.33132530120481923	0.1285140562248996
