>letter-probability matrix KLF15_HUMAN.H11MO.0.A: alength= 4 w= 19 nsites= 479
0.3110647181628393	0.035490605427974956	0.5427974947807933	0.1106471816283925
0.2588726513569937	0.012526096033402922	0.6951983298538622	0.033402922755741124
0.0	0.0020876826722338207	0.9979123173277662	0.0
0.016701461377870565	0.0062630480167014625	0.9749478079331941	0.0020876826722338207
0.5365344467640919	0.35490605427974947	0.0	0.10855949895615866
0.06889352818371607	0.0062630480167014625	0.918580375782881	0.0062630480167014625
0.012526096033402923	0.014613778705636743	0.8851774530271399	0.08768267223382047
0.49269311064718163	0.031315240083507306	0.42379958246346555	0.05219206680584551
0.11691022964509394	0.0062630480167014625	0.8684759916492694	0.008350730688935283
0.31315240083507306	0.34446764091858034	0.2985386221294363	0.043841336116910226
0.3444676409185804	0.1607515657620042	0.28601252609603345	0.20876826722338207
0.2338204592901879	0.04384133611691024	0.5824634655532359	0.139874739039666
0.1503131524008351	0.020876826722338204	0.7974947807933195	0.031315240083507306
0.18580375782881003	0.031315240083507306	0.7703549060542798	0.012526096033402923
0.25678496868475986	0.1336116910229645	0.5762004175365344	0.033402922755741124
0.17745302713987474	0.10438413361169101	0.6659707724425887	0.052192066805845504
0.2776617954070982	0.1294363256784969	0.44676409185803756	0.14613778705636746
0.08768267223382047	0.09394572025052192	0.7432150313152401	0.07515657620041755
0.1837160751565762	0.016701461377870565	0.7306889352818372	0.06889352818371608
