>letter-probability matrix KLF3_HUMAN.H11MO.0.B: alength= 4 w= 19 nsites= 498
0.21285140562248997	0.1887550200803213	0.4718875502008032	0.12650602409638553
0.22690763052208834	0.22289156626506024	0.46184738955823296	0.08835341365461848
0.25903614457831325	0.20481927710843373	0.4236947791164658	0.11244979919678713
0.24497991967871485	0.18674698795180725	0.4959839357429719	0.07228915662650603
0.3273092369477911	0.24698795180722888	0.3152610441767068	0.11044176706827308
0.3453815261044177	0.04417670682730924	0.3594377510040161	0.25100401606425704
0.03413654618473896	0.0	0.9658634538152611	0.0
0.00602409638554217	0.0	0.9919678714859438	0.0020080321285140565
0.004016064257028113	0.008032128514056226	0.9859437751004017	0.0020080321285140565
0.08634538152610441	0.642570281124498	0.0	0.2710843373493976
0.008032128514056226	0.00602409638554217	0.9819277108433735	0.004016064257028113
0.004016064257028113	0.026104417670682733	0.7248995983935743	0.24497991967871485
0.1847389558232932	0.01807228915662651	0.7550200803212852	0.042168674698795185
0.07630522088353414	0.010040160642570281	0.8433734939759037	0.07028112449799197
0.08433734939759037	0.6184738955823293	0.14859437751004018	0.14859437751004018
0.1827309236947791	0.38152610441767065	0.16265060240963855	0.27309236947791166
0.13052208835341367	0.20481927710843373	0.4959839357429719	0.16867469879518074
0.09236947791164658	0.24297188755020077	0.5301204819277109	0.13453815261044177
0.1606425702811245	0.21887550200803213	0.4819277108433735	0.13855421686746988
