>letter-probability matrix KLF5_HUMAN.H11MO.0.A: alength= 4 w= 14 nsites= 500
0.422	0.034	0.204	0.33999999999999997
0.046	0.004	0.9440000000000001	0.006000000000000001
0.008	0.008	0.968	0.016
0.024	0.036000000000000004	0.93	0.01
0.178	0.184	0.008	0.63
0.046	0.002	0.9420000000000001	0.01
0.04	0.01	0.544	0.40599999999999997
0.016	0.0	0.964	0.02
0.05	0.03	0.8300000000000001	0.09000000000000001
0.106	0.634	0.11	0.15000000000000002
0.24799999999999997	0.182	0.19199999999999998	0.37799999999999995
0.104	0.136	0.606	0.154
0.154	0.124	0.502	0.22
0.14800000000000002	0.21	0.494	0.14800000000000002
