>letter-probability matrix KLF6_HUMAN.H11MO.0.A: alength= 4 w= 19 nsites= 496
0.15524193548387097	0.18548387096774194	0.5100806451612904	0.14919354838709678
0.2217741935483871	0.24798387096774194	0.4798387096774194	0.05040322580645162
0.4455645161290322	0.18951612903225806	0.28024193548387094	0.0846774193548387
0.4596774193548387	0.018145161290322582	0.3689516129032258	0.1532258064516129
0.04838709677419355	0.006048387096774194	0.8145161290322581	0.13104838709677422
0.024193548387096777	0.0	0.9556451612903226	0.020161290322580648
0.04435483870967743	0.052419354838709686	0.8911290322580645	0.012096774193548388
0.2600806451612903	0.45766129032258057	0.0	0.282258064516129
0.11693548387096775	0.006048387096774194	0.8548387096774194	0.02217741935483871
0.028225806451612902	0.02217741935483871	0.6895161290322581	0.2600806451612903
0.20967741935483875	0.06451612903225808	0.6834677419354839	0.04233870967741936
0.0866935483870968	0.030241935483870972	0.8366935483870968	0.04637096774193549
0.22983870967741934	0.4536290322580645	0.20766129032258066	0.10887096774193548
0.29435483870967744	0.31854838709677424	0.1370967741935484	0.25000000000000006
0.0625	0.15725806451612903	0.5221774193548387	0.25806451612903225
0.14717741935483875	0.1270161290322581	0.6088709677419355	0.11693548387096776
0.16129032258064516	0.17137096774193547	0.6028225806451613	0.06451612903225806
0.3487903225806452	0.11088709677419356	0.43346774193548393	0.10685483870967744
0.25806451612903225	0.23387096774193553	0.4556451612903226	0.052419354838709686
