>letter-probability matrix LEF1_HUMAN.H11MO.0.A: alength= 4 w= 14 nsites= 456
0.07675438596491228	0.26096491228070173	0.2741228070175438	0.3881578947368421
0.03289473684210526	0.6359649122807018	0.1842105263157895	0.14692982456140352
0.01754385964912281	0.7083333333333334	0.013157894736842106	0.26096491228070173
0.12280701754385966	0.04605263157894737	0.01973684210526316	0.8114035087719298
0.002192982456140351	0.1381578947368421	0.03508771929824562	0.8245614035087719
0.002192982456140351	0.013157894736842106	0.03289473684210526	0.9517543859649122
0.04385964912280702	0.42543859649122806	0.5197368421052632	0.010964912280701756
0.45614035087719296	0.1381578947368421	0.015350877192982454	0.39035087719298245
0.27850877192982454	0.16666666666666666	0.15789473684210525	0.39692982456140347
0.2850877192982456	0.1907894736842105	0.20175438596491227	0.3223684210526316
0.041666666666666664	0.1293859649122807	0.14912280701754385	0.6798245614035088
0.03947368421052632	0.31140350877192985	0.38377192982456143	0.26535087719298245
0.11622807017543858	0.4605263157894736	0.08991228070175437	0.3333333333333333
0.31359649122807015	0.2214912280701754	0.10307017543859648	0.36184210526315785
