>letter-probability matrix LYL1_HUMAN.H11MO.0.A: alength= 4 w= 14 nsites= 453
0.2052980132450331	0.4415011037527594	0.20309050772626933	0.1501103752759382
0.14569536423841062	0.695364238410596	0.026490066225165563	0.13245033112582782
0.6401766004415012	0.05077262693156733	0.046357615894039736	0.26269315673289184
0.057395143487858714	0.1258278145695364	0.49006622516556286	0.32671081677704195
0.13024282560706402	0.7306843267108168	0.04415011037527594	0.09492273730684327
0.10596026490066225	0.0	0.006622516556291392	0.8874172185430463
0.002207505518763797	0.17660044150110377	0.8101545253863135	0.011037527593818985
0.006622516556291391	0.29801324503311255	0.18101545253863133	0.5143487858719646
0.06181015452538632	0.20750551876379691	0.2207505518763797	0.5099337748344371
0.20750551876379691	0.2207505518763797	0.13024282560706402	0.4415011037527594
0.044150110375275935	0.5121412803532008	0.11920529801324502	0.32450331125827814
0.09492273730684327	0.5805739514348787	0.11037527593818985	0.2141280353200883
0.141280353200883	0.18763796909492272	0.18101545253863133	0.49006622516556286
0.11920529801324503	0.2737306843267108	0.37969094922737306	0.22737306843267108
