>letter-probability matrix MAF_HUMAN.H11MO.0.A: alength= 4 w= 19 nsites= 500
0.306	0.236	0.33399999999999996	0.12399999999999999
0.47000000000000003	0.14200000000000002	0.202	0.186
0.5880000000000001	0.084	0.078	0.25
0.39199999999999996	0.088	0.118	0.40199999999999997
0.154	0.312	0.27	0.264
0.11	0.04	0.026000000000000002	0.8240000000000001
0.018000000000000002	0.014	0.96	0.008
0.124	0.856	0.006000000000000001	0.014
0.064	0.006000000000000001	0.012	0.918
0.018000000000000002	0.006000000000000001	0.902	0.07400000000000001
0.882	0.024	0.068	0.026000000000000002
0.102	0.44599999999999995	0.32799999999999996	0.12399999999999999
0.23799999999999996	0.118	0.154	0.48999999999999994
0.242	0.41200000000000003	0.12	0.226
0.4739999999999999	0.11199999999999999	0.154	0.26
0.19399999999999998	0.072	0.576	0.158
0.16	0.512	0.218	0.11
0.462	0.23600000000000002	0.14600000000000002	0.156
0.402	0.15200000000000002	0.234	0.212
