>letter-probability matrix MAFF_HUMAN.H11MO.0.B: alength= 4 w= 18 nsites= 473
0.057082452431289635	0.06976744186046512	0.08245243128964058	0.7906976744186046
0.021141649048625793	0.09513742071881608	0.7653276955602537	0.11839323467230443
0.05496828752642706	0.8837209302325582	0.02959830866807611	0.03171247357293869
0.08456659619450317	0.0613107822410148	0.0063424947145877385	0.8477801268498943
0.02748414376321353	0.11205073995771671	0.7441860465116279	0.11627906976744186
0.7716701902748415	0.0507399577167019	0.04439746300211417	0.1331923890063425
0.05919661733615222	0.4101479915433404	0.4334038054968288	0.09725158562367865
0.08456659619450317	0.08879492600422834	0.05919661733615222	0.7674418604651163
0.09090909090909091	0.6617336152219874	0.042283298097251586	0.2050739957716702
0.6723044397463003	0.05708245243128964	0.1226215644820296	0.14799154334038056
0.06553911205073995	0.09302325581395349	0.6257928118393236	0.2156448202959831
0.04016913319238901	0.7801268498942918	0.11205073995771671	0.06765327695560254
0.5898520084566596	0.10993657505285412	0.12050739957716702	0.17970401691331925
0.17758985200845664	0.23467230443974627	0.2241014799154334	0.3636363636363636
0.2346723044397463	0.13742071881606766	0.1226215644820296	0.5052854122621564
0.16490486257928116	0.17758985200845664	0.046511627906976744	0.6109936575052853
0.09936575052854121	0.2536997885835095	0.07822410147991543	0.5687103594080338
0.1310782241014799	0.2050739957716702	0.1331923890063425	0.5306553911205074
