>letter-probability matrix MAFK_HUMAN.H11MO.0.A: alength= 4 w= 18 nsites= 431
0.48259860788863107	0.1136890951276102	0.2552204176334107	0.14849187935034805
0.5081206496519721	0.07424593967517402	0.22505800464037123	0.1925754060324826
0.5846867749419953	0.03944315545243619	0.06960556844547562	0.3062645011600928
0.5197215777262181	0.048723897911832945	0.03248259860788863	0.3990719257540603
0.29698375870069604	0.20185614849187933	0.15777262180974477	0.3433874709976798
0.05104408352668214	0.03712296983758701	0.006960556844547565	0.9048723897911833
0.0	0.009280742459396753	0.9907192575406033	0.0
0.06264501160092807	0.9327146171693735	0.0	0.0046403712296983765
0.006960556844547565	0.011600928074245941	0.0	0.9814385150812065
0.009280742459396753	0.0023201856148491883	0.9651972157772621	0.023201856148491882
0.9721577726218098	0.0023201856148491883	0.0023201856148491883	0.023201856148491882
0.03248259860788863	0.43155452436194897	0.4802784222737819	0.05568445475638051
0.08584686774941996	0.020881670533642694	0.016241299303944315	0.877030162412993
0.09512761020881672	0.8004640371229699	0.027842227378190254	0.07656612529002321
0.839907192575406	0.0046403712296983765	0.08120649651972159	0.07424593967517402
0.02552204176334107	0.04872389791183295	0.6310904872389792	0.29466357308584684
0.04872389791183295	0.7424593967517402	0.14153132250580047	0.06728538283062645
0.6102088167053364	0.13921113689095127	0.09976798143851509	0.15081206496519722
