>letter-probability matrix MAFK_HUMAN.H11MO.1.A: alength= 4 w= 13 nsites= 409
0.11246943765281174	0.08801955990220048	0.061124694376528114	0.7383863080684596
0.02689486552567237	0.10268948655256724	0.8190709046454767	0.05134474327628362
0.09779951100244498	0.80440097799511	0.04156479217603912	0.05623471882640587
0.09535452322738386	0.03667481662591687	0.012224938875305623	0.8557457212713936
0.06601466992665037	0.019559902200488997	0.8533007334963325	0.061124694376528114
0.8117359413202934	0.02200488997555012	0.06356968215158924	0.10268948655256724
0.0	0.0	0.9266503667481663	0.07334963325183375
0.05867970660146699	0.06356968215158924	0.034229828850855744	0.843520782396088
0.10757946210268948	0.7799511002444988	0.05623471882640587	0.05623471882640587
0.882640586797066	0.017114914425427872	0.04889975550122249	0.05134474327628362
0.05378973105134474	0.05134474327628362	0.6772616136919315	0.2176039119804401
0.06601466992665037	0.7555012224938875	0.1271393643031785	0.05134474327628362
0.6234718826405868	0.1198044009779951	0.11491442542787286	0.14180929095354525
