>letter-probability matrix MAZ_HUMAN.H11MO.0.A: alength= 4 w= 22 nsites= 500
0.216	0.14400000000000002	0.504	0.136
0.284	0.023999999999999997	0.6519999999999999	0.04
0.302	0.011999999999999999	0.6739999999999999	0.011999999999999999
0.082	0.018000000000000002	0.866	0.034
0.052000000000000005	0.112	0.8260000000000001	0.01
0.648	0.08800000000000001	0.026000000000000002	0.238
0.054	0.01	0.906	0.03
0.114	0.02	0.852	0.014
0.266	0.034	0.6659999999999999	0.034
0.272	0.008	0.6799999999999999	0.04
0.11399999999999999	0.20199999999999999	0.6559999999999999	0.027999999999999997
0.318	0.134	0.33199999999999996	0.21599999999999997
0.17400000000000002	0.04	0.6980000000000001	0.08800000000000001
0.33399999999999996	0.05399999999999999	0.5539999999999999	0.057999999999999996
0.18999999999999997	0.11999999999999998	0.648	0.041999999999999996
0.366	0.078	0.512	0.044
0.3	0.072	0.57	0.057999999999999996
0.32999999999999996	0.134	0.45599999999999996	0.08
0.26	0.06199999999999999	0.5559999999999999	0.12199999999999998
0.274	0.204	0.44599999999999995	0.076
0.35600000000000004	0.106	0.43	0.108
0.274	0.09799999999999999	0.5619999999999999	0.066
