>letter-probability matrix MEF2C_HUMAN.H11MO.0.A: alength= 4 w= 13 nsites= 500
0.298	0.074	0.284	0.344
0.104	0.092	0.42	0.38399999999999995
0.03	0.6920000000000001	0.046	0.232
0.002	0.062	0.0	0.936
0.948	0.016	0.006000000000000001	0.03
0.06	0.006000000000000001	0.002	0.932
0.08	0.012	0.006000000000000001	0.902
0.024	0.038000000000000006	0.01	0.928
0.148	0.09	0.022	0.74
0.13799999999999998	0.041999999999999996	0.12199999999999998	0.698
0.566	0.004	0.422	0.008
0.154	0.072	0.634	0.13999999999999999
0.36000000000000004	0.364	0.10200000000000001	0.17400000000000002
