>letter-probability matrix MEF2A_HUMAN.H11MO.0.A: alength= 4 w= 13 nsites= 500
0.274	0.078	0.24399999999999997	0.40399999999999997
0.128	0.08	0.38799999999999996	0.40399999999999997
0.028	0.724	0.05	0.198
0.002	0.056	0.0	0.9420000000000001
0.928	0.006000000000000001	0.008	0.058
0.064	0.002	0.008	0.926
0.10200000000000001	0.002	0.004	0.892
0.014	0.048	0.01	0.928
0.134	0.08199999999999999	0.011999999999999999	0.7719999999999999
0.13999999999999999	0.036	0.11599999999999999	0.708
0.5499999999999999	0.002	0.43599999999999994	0.011999999999999999
0.16	0.038000000000000006	0.658	0.14400000000000002
0.36000000000000004	0.384	0.10400000000000001	0.15200000000000002
