>letter-probability matrix MEF2B_HUMAN.H11MO.0.A: alength= 4 w= 14 nsites= 500
0.254	0.11800000000000001	0.41400000000000003	0.214
0.19399999999999998	0.10999999999999999	0.25199999999999995	0.44399999999999995
0.204	0.036	0.272	0.48799999999999993
0.16799999999999998	0.104	0.374	0.354
0.048	0.772	0.04	0.14
0.002	0.08800000000000001	0.002	0.908
0.862	0.026000000000000002	0.032	0.08
0.106	0.02	0.006000000000000001	0.868
0.07600000000000001	0.006000000000000001	0.004	0.914
0.036000000000000004	0.048	0.014	0.902
0.134	0.118	0.047999999999999994	0.7
0.16999999999999998	0.055999999999999994	0.13999999999999999	0.634
0.47200000000000003	0.0	0.488	0.04
0.122	0.052000000000000005	0.6960000000000001	0.13
