>letter-probability matrix MEIS1_HUMAN.H11MO.0.A: alength= 4 w= 12 nsites= 499
0.4408817635270541	0.12625250501002003	0.25250501002004005	0.18036072144288579
0.18837675350701402	0.0020040080160320644	0.016032064128256515	0.7935871743486974
0.07414829659318638	0.020040080160320644	0.8837675350701403	0.022044088176352707
0.9799599198396793	0.006012024048096193	0.006012024048096193	0.008016032064128258
0.03206412825651303	0.03807615230460922	0.03807615230460922	0.8917835671342685
0.1282565130260521	0.01002004008016032	0.1062124248496994	0.7555110220440882
0.19238476953907815	0.03206412825651302	0.2605210420841683	0.5150300601202404
0.9759519038076152	0.004008016032064129	0.016032064128256515	0.004008016032064129
0.034068136272545096	0.07014028056112225	0.03006012024048096	0.8657314629258517
0.15430861723446893	0.044088176352705406	0.531062124248497	0.27054108216432865
0.3046092184368738	0.06412825651302606	0.44488977955911824	0.18637274549098198
0.12424849699398798	0.37474949899799603	0.25651302605210424	0.24448897795591182
