>letter-probability matrix MXI1_HUMAN.H11MO.0.A: alength= 4 w= 15 nsites= 500
0.22911150204910735	0.3024320436170703	0.3939221910662256	0.0745342632675967
0.004211257339250542	0.9680278145938412	0.025812337310842832	0.0019485907560652495
0.9647269751334945	0.001659127568876679	0.029875568681439885	0.0037383286161888976
0.022016447407452934	0.8907459852466011	0.06607968164276584	0.021157885703180074
0.17297897422562206	0.0657607223940732	0.7518267358789394	0.00943356750136536
0.06666194131320444	0.09439706240847563	0.042235254224534904	0.7967057420537851
0.007802570118712083	0.0	0.9859196971747748	0.006277732706513126
0.06106793422537883	0.17191761566342117	0.5946302196099688	0.1723842305012312
0.11903630518560138	0.39183957716373163	0.37117614481657646	0.11794797283409056
0.19830396028874847	0.23988041026581655	0.284872515110058	0.27694311433537705
0.033512511474318656	0.23212354154239181	0.5656534433502415	0.16871050363304801
0.11865084124123235	0.39195605529537475	0.3200866656469527	0.16930643781644017
0.13910635710110503	0.3051938036286615	0.3629709288477686	0.19272891042246487
0.1634085040706301	0.21748015907771995	0.4516146670114546	0.1674966698401954
0.17897314036425682	0.3071085043210059	0.4133766848141446	0.10054167050059272
