>letter-probability matrix MYBA_HUMAN.H11MO.0.D: alength= 4 w= 15 nsites= 500
0.352	0.19799999999999998	0.33199999999999996	0.118
0.09599999999999999	0.18799999999999997	0.586	0.13
0.15	0.25199999999999995	0.158	0.43999999999999995
0.134	0.034	0.792	0.04
0.162	0.016	0.766	0.056
0.012	0.97	0.014	0.004
0.43199999999999994	0.274	0.284	0.01
0.0	0.004	0.99	0.006000000000000001
0.0	0.012	0.004	0.984
0.002	0.002	0.004	0.992
0.33599999999999997	0.032	0.538	0.09399999999999999
0.184	0.318	0.45799999999999996	0.04
0.372	0.224	0.254	0.15000000000000002
0.208	0.182	0.522	0.088
0.33799999999999997	0.21399999999999997	0.32999999999999996	0.118
