>letter-probability matrix MYNN_HUMAN.H11MO.0.D: alength= 4 w= 17 nsites= 366
0.3224043715846994	0.04644808743169399	0.45081967213114754	0.18032786885245902
0.10382513661202186	0.0546448087431694	0.7759562841530055	0.06557377049180328
0.5601092896174863	0.03551912568306011	0.34972677595628415	0.0546448087431694
0.02459016393442623	0.9644808743169399	0.01092896174863388	0.0
0.0	0.01639344262295082	0.01366120218579235	0.9699453551912568
0.030054644808743168	0.3442622950819672	0.0546448087431694	0.5710382513661202
0.030054644808743168	0.09289617486338798	0.040983606557377046	0.8360655737704918
0.040983606557377046	0.01092896174863388	0.01092896174863388	0.9371584699453552
0.8879781420765027	0.030054644808743168	0.03551912568306011	0.04644808743169399
0.24316939890710382	0.09289617486338798	0.02459016393442623	0.6393442622950819
0.04918032786885245	0.09562841530054644	0.133879781420765	0.721311475409836
0.10382513661202186	0.16393442622950818	0.1612021857923497	0.5710382513661202
0.10382513661202186	0.12568306010928962	0.060109289617486336	0.7103825136612022
0.1612021857923497	0.07103825136612021	0.6530054644808743	0.11475409836065574
0.5273224043715847	0.07923497267759562	0.226775956284153	0.16666666666666666
0.5601092896174863	0.226775956284153	0.08196721311475409	0.13114754098360656
0.5819672131147541	0.09289617486338798	0.23497267759562843	0.09016393442622951
