>letter-probability matrix NANOG_HUMAN.H11MO.0.A: alength= 4 w= 17 nsites= 499
0.1282565130260521	0.25851703406813625	0.280561122244489	0.33266533066132264
0.044088176352705406	0.4869739478957915	0.1783567134268537	0.2905811623246493
0.08817635270541081	0.5110220440881763	0.07014028056112225	0.3306613226452906
0.3066132264529058	0.044088176352705406	0.060120240480961915	0.5891783567134269
0.012024048096192385	0.06012024048096192	0.04208416833667335	0.8857715430861723
0.06813627254509019	0.008016032064128258	0.03807615230460922	0.8857715430861723
0.11022044088176351	0.24849699398797592	0.5891783567134269	0.052104208416833664
0.37675350701402804	0.04208416833667335	0.036072144288577156	0.5450901803607214
0.23046092184368736	0.2605210420841683	0.19238476953907815	0.3166332665330661
0.8076152304609219	0.034068136272545096	0.04008016032064129	0.11823647294589179
0.06813627254509019	0.014028056112224449	0.03006012024048096	0.8877755511022044
0.026052104208416835	0.018036072144288578	0.811623246492986	0.14428857715430862
0.028056112224448898	0.6352705410821644	0.11623246492985972	0.22044088176352705
0.6813627254509017	0.03206412825651302	0.01603206412825651	0.27054108216432865
0.6633266533066132	0.050100200400801605	0.24048096192384769	0.04609218436873748
0.8056112224448898	0.04809619238476954	0.06813627254509019	0.07815631262525051
0.1402805611222445	0.1503006012024048	0.2004008016032064	0.5090180360721442
