>letter-probability matrix NFAC1_HUMAN.H11MO.0.B: alength= 4 w= 15 nsites= 500
0.482	0.23	0.234	0.054
0.394	0.05	0.06	0.496
0.084	0.008	0.904	0.004
0.014	0.046	0.93	0.01
0.946	0.012	0.036000000000000004	0.006000000000000001
0.81	0.068	0.10400000000000001	0.018000000000000002
0.8220000000000001	0.068	0.084	0.026000000000000002
0.49999999999999994	0.16599999999999998	0.268	0.066
0.49399999999999994	0.052	0.142	0.312
0.356	0.23799999999999996	0.346	0.05999999999999999
0.48799999999999993	0.088	0.044	0.37999999999999995
0.264	0.029999999999999995	0.548	0.158
0.538	0.122	0.222	0.11800000000000001
0.43	0.318	0.188	0.064
0.44999999999999996	0.11999999999999998	0.13799999999999998	0.292
