>letter-probability matrix NFE2_HUMAN.H11MO.0.A: alength= 4 w= 13 nsites= 500
0.24399999999999997	0.288	0.356	0.11199999999999999
0.258	0.33199999999999996	0.296	0.11399999999999999
0.58	0.041999999999999996	0.358	0.02
0.002	0.006000000000000001	0.036000000000000004	0.956
0.004	0.024	0.966	0.006000000000000001
0.958	0.008	0.022000000000000002	0.012
0.022000000000000002	0.788	0.15000000000000002	0.04
0.096	0.058	0.054	0.792
0.082	0.8320000000000001	0.032	0.054
0.804	0.028	0.092	0.07600000000000001
0.032	0.008	0.916	0.044000000000000004
0.026000000000000002	0.932	0.038000000000000006	0.004
0.76	0.052000000000000005	0.08800000000000001	0.1
