>letter-probability matrix NFIC_HUMAN.H11MO.0.A: alength= 4 w= 17 nsites= 500
0.11800000000000001	0.488	0.212	0.182
0.076	0.43599999999999994	0.036	0.45199999999999996
0.066	0.022	0.16799999999999998	0.744
0.014	0.008	0.916	0.062
0.042	0.032	0.89	0.036000000000000004
0.20400000000000001	0.68	0.058	0.058
0.318	0.25399999999999995	0.064	0.364
0.092	0.41400000000000003	0.252	0.242
0.0	0.602	0.0	0.39799999999999996
0.234	0.4	0.17400000000000002	0.192
0.286	0.09	0.18	0.44399999999999995
0.02	0.088	0.628	0.264
0.024	0.858	0.046	0.07200000000000001
0.018000000000000002	0.962	0.008	0.012
0.67	0.244	0.014	0.07200000000000001
0.45599999999999996	0.06999999999999999	0.37799999999999995	0.09599999999999999
0.214	0.222	0.458	0.106
