>letter-probability matrix NFYC_HUMAN.H11MO.0.A: alength= 4 w= 14 nsites= 426
0.1408450704225352	0.3380281690140845	0.19718309859154928	0.32394366197183094
0.08450704225352113	0.3615023474178403	0.19014084507042253	0.36384976525821594
0.4765258215962441	0.10093896713615023	0.33333333333333337	0.08920187793427231
0.31690140845070425	0.06807511737089202	0.4835680751173709	0.13145539906103287
0.004694835680751174	0.9413145539906104	0.028169014084507043	0.025821596244131457
0.018779342723004695	0.971830985915493	0.007042253521126762	0.002347417840375587
0.9272300469483569	0.025821596244131457	0.009389671361502348	0.03755868544600939
0.9061032863849765	0.03990610328638498	0.04694835680751174	0.007042253521126762
0.028169014084507043	0.0539906103286385	0.018779342723004695	0.8990610328638498
0.1267605633802817	0.5305164319248826	0.25821596244131456	0.08450704225352114
0.6126760563380282	0.08685446009389672	0.2746478873239437	0.025821596244131457
0.17370892018779344	0.15492957746478875	0.5657276995305164	0.1056338028169014
0.4483568075117371	0.2605633802816901	0.18779342723004697	0.10328638497652583
0.35680751173708924	0.08450704225352114	0.3967136150234742	0.1619718309859155
