>letter-probability matrix NKX31_HUMAN.H11MO.0.C: alength= 4 w= 12 nsites= 500
0.18999999999999997	0.19599999999999998	0.322	0.292
0.086	0.25199999999999995	0.09799999999999999	0.564
0.25199999999999995	0.10799999999999998	0.152	0.48799999999999993
0.76	0.054	0.17200000000000001	0.014
0.96	0.002	0.02	0.018000000000000002
0.004	0.004	0.986	0.006000000000000001
0.08800000000000001	0.002	0.018000000000000002	0.892
0.17	0.014	0.804	0.012
0.018	0.45199999999999996	0.266	0.264
0.142	0.256	0.038	0.564
0.156	0.086	0.106	0.6519999999999999
0.27999999999999997	0.08399999999999999	0.296	0.33999999999999997
