>letter-probability matrix NKX61_HUMAN.H11MO.0.B: alength= 4 w= 19 nsites= 500
0.24399999999999997	0.118	0.526	0.11199999999999999
0.7060000000000001	0.08800000000000001	0.15000000000000002	0.056
0.16799999999999998	0.27	0.092	0.47
0.312	0.049999999999999996	0.118	0.52
0.608	0.05999999999999999	0.266	0.066
0.986	0.002	0.008	0.004
0.03	0.046	0.124	0.8
0.041999999999999996	0.092	0.5599999999999999	0.306
0.378	0.07400000000000001	0.4	0.14800000000000002
0.126	0.336	0.432	0.106
0.33399999999999996	0.21599999999999997	0.158	0.292
0.45999999999999996	0.05999999999999999	0.106	0.374
0.38999999999999996	0.055999999999999994	0.041999999999999996	0.512
0.298	0.055999999999999994	0.047999999999999994	0.598
0.13799999999999998	0.104	0.052	0.706
0.5960000000000001	0.108	0.254	0.042
0.98	0.0	0.014	0.006000000000000001
0.12599999999999997	0.029999999999999995	0.06999999999999999	0.7739999999999999
0.154	0.092	0.39799999999999996	0.356
