>letter-probability matrix NR1D1_HUMAN.H11MO.0.B: alength= 4 w= 19 nsites= 500
0.422	0.08	0.322	0.17600000000000002
0.308	0.055999999999999994	0.536	0.09999999999999999
0.25	0.21	0.492	0.048
0.27	0.21399999999999997	0.322	0.19399999999999998
0.474	0.45	0.046	0.03
0.738	0.006000000000000001	0.056	0.2
0.08	0.366	0.428	0.126
0.106	0.023999999999999997	0.08199999999999999	0.7879999999999999
0.196	0.002	0.772	0.03
0.066	0.012	0.73	0.192
0.02	0.05	0.89	0.04
0.146	0.142	0.19599999999999998	0.516
0.124	0.67	0.116	0.09000000000000001
0.878	0.04	0.022000000000000002	0.06
0.21	0.194	0.466	0.13
0.36000000000000004	0.11800000000000001	0.312	0.21
0.368	0.13	0.352	0.15
0.268	0.08600000000000001	0.418	0.228
0.234	0.17600000000000002	0.432	0.158
