>letter-probability matrix NR1H4_HUMAN.H11MO.0.B: alength= 4 w= 19 nsites= 451
0.270509977827051	0.1951219512195122	0.43902439024390244	0.09534368070953438
0.4811529933481153	0.015521064301552107	0.49223946784922396	0.011086474501108648
0.07317073170731708	0.008869179600886918	0.8558758314855875	0.06208425720620843
0.10199556541019957	0.03547671840354767	0.7405764966740577	0.12195121951219512
0.024390243902439022	0.1219512195121951	0.3325942350332594	0.5210643015521064
0.028824833702882482	0.729490022172949	0.14634146341463417	0.09534368070953438
0.7560975609756098	0.0598669623059867	0.17738359201773837	0.006651884700665189
0.3702882483370288	0.23725055432372502	0.29490022172949	0.09756097560975609
0.06430155210643014	0.17960088691796008	0.10421286031042128	0.6518847006651884
0.06651884700665188	0.03325942350332594	0.8913525498891353	0.008869179600886918
0.48337028824833694	0.09534368070953436	0.32150776053215074	0.09977827050997781
0.07095343680709534	0.8470066518847007	0.057649667405764965	0.024390243902439025
0.07982261640798227	0.8048780487804879	0.011086474501108648	0.10421286031042129
0.07760532150776053	0.3569844789356984	0.2793791574279379	0.2860310421286031
0.17073170731707318	0.42128603104212864	0.23503325942350334	0.17294900221729492
0.1197339246119734	0.21951219512195122	0.4745011086474501	0.18625277161862527
0.31929046563192903	0.29046563192904656	0.30598669623059865	0.08425720620842571
0.07095343680709534	0.006651884700665189	0.8093126385809313	0.1130820399113082
0.07317073170731708	0.06430155210643015	0.7716186252771619	0.09090909090909091
