>letter-probability matrix NR1H3_HUMAN.H11MO.0.B: alength= 4 w= 19 nsites= 500
0.168	0.482	0.20800000000000002	0.14200000000000002
0.424	0.224	0.124	0.228
0.374	0.126	0.42	0.08
0.544	0.026	0.37999999999999995	0.049999999999999996
0.122	0.006000000000000001	0.8140000000000001	0.058
0.038000000000000006	0.044000000000000004	0.756	0.162
0.064	0.158	0.152	0.626
0.144	0.42799999999999994	0.08399999999999999	0.344
0.8300000000000001	0.018000000000000002	0.054	0.098
0.114	0.5920000000000001	0.14200000000000002	0.15200000000000002
0.22399999999999998	0.178	0.086	0.512
0.24	0.228	0.29000000000000004	0.242
0.22799999999999998	0.324	0.284	0.16399999999999998
0.66	0.09000000000000001	0.17200000000000001	0.078
0.08	0.026000000000000002	0.836	0.058
0.106	0.04	0.7180000000000001	0.136
0.152	0.13799999999999998	0.21999999999999997	0.48999999999999994
0.078	0.738	0.07200000000000001	0.112
0.872	0.044000000000000004	0.048	0.036000000000000004
