>letter-probability matrix NR2E1_HUMAN.H11MO.0.D: alength= 4 w= 17 nsites= 62
0.7003521986046094	0.1332198116435879	0.11857026521789125	0.04785772453391151
0.7931212918106	0.05669679211940896	0.09205306246139883	0.058128853608592296
0.14205887922908528	0.02134052177741909	0.7549008984902434	0.08169970050325219
0.06071719409812894	0.06071719409812894	0.09607346444011877	0.7824921473636233
0.011785423447329952	0.8792816425483339	0.03678833183117319	0.07214460217316304
0.8660641576118205	0.04857375527850315	0.04857375527850315	0.03678833183117319
0.7967836784170239	0.060359178725833115	0.05892711723664978	0.08393002562049302
0.40643264316595196	0.09428338757863967	0.15464256630447282	0.3446414029509355
1.0	0.0	0.0	0.0
0.9396408212741668	0.04857375527850315	0.01178542344732995	0.0
0.0	0.0	1.0	0.0
0.03678833183117319	0.035356270341989855	0.0	0.9278553978268369
0.0	0.9396408212741669	0.03678833183117319	0.023570846894659905
0.97240875112662	0.009197082957793298	0.009197082957793298	0.009197082957793298
0.5894647219718623	0.1358903850165904	0.10196617616378385	0.17267871684776362
0.16606997437950693	0.18964082127416684	0.2160757911471935	0.42821341319913275
0.20580466207251263	0.22794344747798917	0.16009502977237616	0.4061568606771219
