>letter-probability matrix OLIG2_HUMAN.H11MO.0.B: alength= 4 w= 18 nsites= 500
0.216	0.62	0.14200000000000002	0.022000000000000002
0.15200000000000002	0.8260000000000001	0.004	0.018000000000000002
0.84	0.016	0.026000000000000002	0.11800000000000001
0.008	0.026	0.48999999999999994	0.4759999999999999
0.154	0.784	0.05	0.012
0.034	0.014	0.006000000000000001	0.946
0.0	0.014	0.912	0.07400000000000001
0.011999999999999999	0.362	0.18	0.44599999999999995
0.023999999999999997	0.25199999999999995	0.034	0.69
0.08	0.258	0.154	0.5079999999999999
0.09799999999999999	0.43199999999999994	0.186	0.284
0.104	0.48999999999999994	0.11399999999999999	0.292
0.176	0.38199999999999995	0.16599999999999998	0.27599999999999997
0.268	0.086	0.19199999999999998	0.45399999999999996
0.08199999999999999	0.26	0.292	0.366
0.188	0.452	0.136	0.224
0.22799999999999998	0.22999999999999998	0.102	0.43999999999999995
0.13	0.19799999999999998	0.33999999999999997	0.33199999999999996
