>letter-probability matrix OSR2_HUMAN.H11MO.0.C: alength= 4 w= 16 nsites= 473
0.17336152219873152	0.16490486257928122	0.4883720930232558	0.17336152219873152
0.0718816067653277	0.40380549682875266	0.21141649048625796	0.3128964059196618
0.16701902748414377	0.2875264270613108	0.1226215644820296	0.4228329809725158
0.13107822410147993	0.34672304439746304	0.3784355179704017	0.1437632135306554
0.054968287526427066	0.6701902748414377	0.059196617336152224	0.21564482029598311
0.34460887949260044	0.021141649048625793	0.14587737843551798	0.48837209302325574
0.03382663847780128	0.01691331923890064	0.945031712473573	0.00422832980972516
0.014799154334038056	0.9725158562367865	0.00845665961945032	0.00422832980972516
0.00211416490486258	0.04862579281183933	0.00211416490486258	0.9471458773784355
0.24312896405919665	0.21564482029598311	0.20507399577167018	0.3361522198731502
0.00211416490486258	0.9915433403805497	0.00211416490486258	0.00422832980972516
0.00845665961945032	0.17336152219873152	0.00211416490486258	0.8160676532769556
0.09513742071881608	0.1670190274841438	0.6173361522198731	0.12050739957716704
0.18181818181818185	0.44608879492600423	0.12262156448202961	0.24947145877378438
0.3023255813953489	0.10993657505285412	0.23255813953488372	0.3551797040169133
0.08033826638477803	0.16913319238900637	0.587737843551797	0.16279069767441864
