>letter-probability matrix P53_HUMAN.H11MO.0.A: alength= 4 w= 20 nsites= 486
0.3683127572016461	0.08436213991769548	0.3580246913580247	0.18930041152263374
0.1831275720164609	0.03909465020576132	0.6666666666666667	0.11111111111111112
0.522633744855967	0.047325102880658436	0.3786008230452675	0.05144032921810699
0.006172839506172841	0.9053497942386831	0.0205761316872428	0.06790123456790124
0.6872427983539096	0.05761316872427984	0.03292181069958848	0.22222222222222224
0.21604938271604937	0.00617283950617284	0.047325102880658436	0.7304526748971193
0.006172839506172841	0.00205761316872428	0.977366255144033	0.01440329218106996
0.04938271604938271	0.5164609053497942	0.00823045267489712	0.4259259259259259
0.10905349794238683	0.6728395061728395	0.03497942386831276	0.1831275720164609
0.02263374485596708	0.8209876543209876	0.08436213991769548	0.0720164609053498
0.7222222222222222	0.11111111111111112	0.03909465020576132	0.12757201646090535
0.16666666666666669	0.04320987654320988	0.7510288065843622	0.03909465020576132
0.6296296296296297	0.00617283950617284	0.3395061728395061	0.024691358024691357
0.0	0.9897119341563786	0.00823045267489712	0.00205761316872428
0.7921810699588477	0.04320987654320988	0.006172839506172841	0.15843621399176955
0.11934156378600823	0.051440329218107	0.0308641975308642	0.7983539094650206
0.0411522633744856	0.01851851851851852	0.9320987654320988	0.00823045267489712
0.05967078189300411	0.4691358024691358	0.030864197530864192	0.4403292181069958
0.11728395061728396	0.6255144032921811	0.03909465020576132	0.21810699588477367
0.09670781893004114	0.5308641975308642	0.06584362139917696	0.3065843621399177
