>letter-probability matrix P63_HUMAN.H11MO.0.A: alength= 4 w= 19 nsites= 500
0.29200000000000004	0.07400000000000001	0.418	0.216
0.41000000000000003	0.016	0.484	0.09000000000000001
0.0	0.984	0.004	0.012
0.758	0.09000000000000001	0.096	0.056
0.372	0.013999999999999999	0.154	0.45999999999999996
0.002	0.002	0.994	0.002
0.08199999999999999	0.44999999999999996	0.01	0.45799999999999996
0.134	0.528	0.108	0.23
0.02	0.788	0.14200000000000002	0.05
0.558	0.184	0.038000000000000006	0.22
0.202	0.042	0.644	0.112
0.41600000000000004	0.006000000000000001	0.48	0.098
0.002	0.994	0.004	0.0
0.526	0.172	0.013999999999999999	0.288
0.092	0.09599999999999999	0.128	0.6839999999999999
0.022000000000000002	0.01	0.962	0.006000000000000001
0.05999999999999999	0.52	0.022	0.39799999999999996
0.21	0.43199999999999994	0.09	0.268
0.134	0.39999999999999997	0.19999999999999998	0.266
