>letter-probability matrix P73_HUMAN.H11MO.0.A: alength= 4 w= 19 nsites= 500
0.356	0.16	0.32	0.16399999999999998
0.322	0.092	0.4	0.186
0.39	0.07600000000000001	0.38	0.154
0.034	0.874	0.04	0.052000000000000005
0.6100000000000001	0.14800000000000002	0.068	0.17400000000000002
0.312	0.011999999999999999	0.078	0.598
0.008	0.01	0.976	0.006000000000000001
0.068	0.4799999999999999	0.013999999999999999	0.43799999999999994
0.136	0.5860000000000001	0.07400000000000001	0.20400000000000001
0.122	0.74	0.084	0.054
0.618	0.212	0.01	0.16
0.284	0.086	0.514	0.11599999999999999
0.5559999999999999	0.038	0.314	0.092
0.01	0.954	0.024	0.012
0.5019999999999999	0.16	0.026	0.312
0.10999999999999999	0.09599999999999999	0.10999999999999999	0.6839999999999999
0.034	0.012	0.9400000000000001	0.014
0.088	0.49999999999999994	0.041999999999999996	0.37
0.188	0.51	0.082	0.22
