>letter-probability matrix PATZ1_HUMAN.H11MO.0.C: alength= 4 w= 22 nsites= 491
0.23421588594704681	0.09164969450101833	0.560081466395112	0.1140529531568228
0.1364562118126273	0.026476578411405296	0.639511201629328	0.1975560081466395
0.1425661914460285	0.0835030549898167	0.6822810590631364	0.09164969450101833
0.04073319755600815	0.0855397148676171	0.8411405295315683	0.03258655804480652
0.45824847250509165	0.28716904276985744	0.1364562118126273	0.11812627291242363
0.24439918533604885	0.06109979633401221	0.6232179226069247	0.07128309572301425
0.14256619144602853	0.03054989816700611	0.7067209775967414	0.12016293279022404
0.21588594704684316	0.06517311608961303	0.6924643584521385	0.026476578411405292
0.12627291242362526	0.01629327902240326	0.8472505091649695	0.010183299389002037
0.21181262729124234	0.11812627291242361	0.615071283095723	0.05498981670061099
0.41751527494908347	0.5580448065173116	0.008146639511201629	0.016293279022403257
0.07942973523421588	0.0285132382892057	0.5539714867617108	0.3380855397148676
0.028513238289205704	0.14256619144602853	0.7657841140529532	0.06313645621181263
0.16089613034623218	0.16089613034623218	0.6069246435845214	0.07128309572301425
0.32790224032586557	0.06313645621181262	0.5784114052953157	0.030549898167006106
0.29124236252545826	0.19144602851323828	0.4949083503054989	0.02240325865580448
0.24032586558044808	0.24032586558044808	0.3482688391038697	0.1710794297352342
0.15885947046843177	0.07535641547861507	0.5763747454175152	0.18940936863543786
0.12830957230142567	0.05702647657841141	0.7739307535641549	0.04073319755600815
0.41344195519348265	0.21792260692464357	0.3136456211812627	0.05498981670061099
0.31771894093686354	0.01425661914460285	0.6232179226069247	0.04480651731160896
0.1384928716904277	0.20366598778004075	0.48879837067209775	0.16904276985743383
