>letter-probability matrix PAX5_HUMAN.H11MO.0.A: alength= 4 w= 21 nsites= 202
0.13366336633663367	0.2821782178217822	0.504950495049505	0.07920792079207921
0.12871287128712872	0.5	0.18811881188118812	0.18316831683168316
0.1485148514851485	0.4158415841584158	0.33168316831683164	0.10396039603960396
0.20297029702970296	0.054455445544554455	0.25742574257425743	0.48514851485148514
0.198019801980198	0.04455445544554455	0.7524752475247525	0.0049504950495049506
0.15841584158415842	0.13861386138613863	0.5396039603960396	0.16336633663366334
0.02475247524752475	0.1188118811881188	0.6237623762376238	0.23267326732673266
0.034653465346534656	0.8762376237623762	0.0594059405940594	0.0297029702970297
0.7821782178217821	0.034653465346534656	0.16336633663366334	0.019801980198019802
0.38613861386138615	0.11386138613861387	0.4653465346534653	0.034653465346534656
0.034653465346534656	0.7326732673267327	0.12871287128712872	0.10396039603960396
0.41089108910891087	0.26732673267326734	0.27722772277227725	0.04455445544554455
0.3118811881188119	0.019801980198019802	0.6188118811881188	0.0495049504950495
0.6831683168316831	0.039603960396039604	0.16336633663366334	0.11386138613861387
0.034653465346534656	0.16336633663366334	0.7722772277227723	0.0297029702970297
0.009900990099009901	0.7821782178217821	0.04455445544554455	0.16336633663366334
0.21782178217821782	0.034653465346534656	0.7178217821782178	0.0297029702970297
0.32178217821782173	0.0297029702970297	0.15841584158415842	0.4900990099009901
0.17326732673267325	0.0297029702970297	0.792079207920792	0.0049504950495049506
0.8118811881188118	0.034653465346534656	0.10396039603960396	0.0495049504950495
0.1188118811881188	0.8019801980198019	0.0297029702970297	0.0495049504950495
