>letter-probability matrix PAX6_HUMAN.H11MO.0.C: alength= 4 w= 12 nsites= 500
0.12399999999999999	0.032	0.074	0.7699999999999999
0.022	0.34199999999999997	0.038	0.598
0.41600000000000004	0.468	0.05	0.066
0.044	0.566	0.04	0.35
0.286	0.06999999999999999	0.606	0.038
0.01	0.804	0.166	0.02
0.258	0.136	0.018	0.588
0.028	0.07600000000000001	0.018000000000000002	0.878
0.013999999999999999	0.408	0.568	0.01
0.7100000000000001	0.016	0.23600000000000002	0.038000000000000006
0.146	0.358	0.288	0.208
0.066	0.094	0.032	0.808
