>letter-probability matrix PO2F1_HUMAN.H11MO.0.C: alength= 4 w= 16 nsites= 134
0.6343283582089553	0.11194029850746269	0.15671641791044777	0.09701492537313433
0.43283582089552236	0.17164179104477612	0.17164179104477612	0.22388059701492538
0.07462686567164178	0.04477611940298507	0.29850746268656714	0.582089552238806
0.08208955223880597	0.3656716417910448	0.3358208955223881	0.21641791044776118
0.29850746268656714	0.13432835820895522	0.4701492537313433	0.09701492537313433
0.4925373134328358	0.16417910447761194	0.03731343283582089	0.30597014925373134
0.9477611940298507	0.03731343283582089	0.007462686567164179	0.007462686567164179
0.03731343283582089	0.014925373134328358	0.007462686567164179	0.9402985074626866
0.05970149253731343	0.0	0.9402985074626866	0.0
0.014925373134328358	0.4626865671641791	0.4253731343283582	0.09701492537313433
0.917910447761194	0.022388059701492536	0.029850746268656716	0.029850746268656716
0.8208955223880597	0.03731343283582089	0.12686567164179105	0.014925373134328358
0.5373134328358209	0.06716417910447761	0.05223880597014925	0.34328358208955223
0.11940298507462686	0.39552238805970147	0.05970149253731343	0.4253731343283582
0.6044776119402985	0.1417910447761194	0.17164179104477612	0.08208955223880597
0.4626865671641791	0.08208955223880597	0.07462686567164178	0.3805970149253731
