>letter-probability matrix PO3F2_HUMAN.H11MO.0.A: alength= 4 w= 17 nsites= 496
0.04637096774193549	0.3568548387096775	0.10282258064516131	0.4939516129032258
0.14919354838709678	0.36290322580645157	0.05846774193548387	0.4294354838709677
0.014112903225806453	0.9354838709677419	0.022177419354838714	0.028225806451612906
0.8286290322580645	0.10282258064516131	0.00403225806451613	0.06451612903225808
0.012096774193548388	0.006048387096774195	0.024193548387096777	0.9576612903225806
0.04032258064516129	0.03629032258064516	0.6612903225806451	0.2620967741935484
0.27620967741935487	0.6713709677419355	0.0342741935483871	0.018145161290322585
0.6491935483870969	0.22580645161290322	0.0967741935483871	0.028225806451612902
0.24999999999999997	0.03225806451612903	0.03225806451612903	0.6854838709677419
0.4818548387096774	0.05846774193548387	0.05040322580645161	0.40927419354838707
0.3004032258064517	0.018145161290322585	0.014112903225806453	0.6673387096774194
0.034274193548387094	0.2661290322580645	0.18145161290322578	0.5181451612903226
0.01612903225806452	0.6653225806451613	0.13104838709677422	0.18750000000000003
0.6532258064516129	0.2883064516129033	0.024193548387096777	0.0342741935483871
0.29637096774193555	0.03225806451612904	0.06653225806451614	0.6048387096774194
0.1411290322580645	0.13306451612903225	0.1754032258064516	0.5504032258064516
0.22379032258064516	0.42943548387096775	0.21169354838709678	0.13508064516129034
