>letter-probability matrix PO5F1_HUMAN.H11MO.0.A: alength= 4 w= 16 nsites= 500
0.052000000000000005	0.52	0.194	0.234
0.074	0.53	0.08	0.316
0.38999999999999996	0.044	0.04	0.526
0.02	0.064	0.024	0.892
0.07200000000000001	0.022000000000000002	0.028	0.878
0.104	0.314	0.516	0.066
0.37999999999999995	0.036	0.032	0.5519999999999999
0.176	0.24999999999999997	0.09999999999999999	0.4739999999999999
0.884	0.02	0.032	0.064
0.014	0.002	0.016	0.968
0.012	0.008	0.922	0.058
0.014	0.76	0.094	0.132
0.79	0.02	0.03	0.16
0.62	0.06	0.254	0.066
0.8300000000000001	0.036000000000000004	0.068	0.066
0.16	0.13799999999999998	0.12199999999999998	0.58
