>letter-probability matrix PPARG_HUMAN.H11MO.0.A: alength= 4 w= 17 nsites= 500
0.47000000000000003	0.254	0.164	0.112
0.48799999999999993	0.026	0.12599999999999997	0.36
0.092	0.36000000000000004	0.418	0.13
0.10999999999999999	0.12199999999999998	0.208	0.5599999999999999
0.38799999999999996	0.022	0.536	0.05399999999999999
0.068	0.0	0.84	0.092
0.128	0.026000000000000002	0.8	0.046
0.09999999999999999	0.12199999999999998	0.42999999999999994	0.348
0.055999999999999994	0.5519999999999999	0.302	0.09
0.898	0.018000000000000002	0.068	0.016
0.574	0.047999999999999994	0.33399999999999996	0.044
0.79	0.006000000000000001	0.198	0.006000000000000001
0.07200000000000001	0.006000000000000001	0.892	0.03
0.068	0.004	0.804	0.124
0.052	0.076	0.32	0.5519999999999999
0.12	0.618	0.17800000000000002	0.084
0.754	0.06	0.116	0.07
