>letter-probability matrix PPARA_HUMAN.H11MO.0.B: alength= 4 w= 17 nsites= 500
0.492	0.216	0.126	0.166
0.534	0.023999999999999997	0.088	0.354
0.082	0.422	0.368	0.128
0.06199999999999999	0.11599999999999999	0.152	0.6699999999999999
0.444	0.03	0.468	0.058
0.094	0.002	0.838	0.066
0.14800000000000002	0.012	0.802	0.038000000000000006
0.12199999999999998	0.182	0.38799999999999996	0.308
0.102	0.518	0.262	0.118
0.924	0.018000000000000002	0.054	0.004
0.6519999999999999	0.041999999999999996	0.256	0.049999999999999996
0.812	0.0	0.188	0.0
0.132	0.004	0.8280000000000001	0.036000000000000004
0.058	0.008	0.804	0.13
0.04	0.118	0.25199999999999995	0.59
0.07400000000000001	0.614	0.15200000000000002	0.16
0.724	0.082	0.098	0.096
