>letter-probability matrix PRD14_HUMAN.H11MO.0.A: alength= 4 w= 14 nsites= 500
0.47	0.11999999999999998	0.27799999999999997	0.132
0.398	0.048	0.448	0.106
0.074	0.158	0.712	0.055999999999999994
0.17200000000000001	0.018000000000000002	0.04	0.77
0.012	0.01	0.01	0.968
0.982	0.004	0.006000000000000001	0.008
0.082	0.06	0.856	0.002
0.576	0.01	0.368	0.046
0.07600000000000001	0.064	0.838	0.022000000000000002
0.64	0.134	0.034	0.192
0.168	0.738	0.066	0.028
0.038000000000000006	0.748	0.136	0.078
0.11399999999999999	0.40599999999999997	0.068	0.412
0.37999999999999995	0.158	0.262	0.19999999999999998
