>letter-probability matrix PRGR_HUMAN.H11MO.0.A: alength= 4 w= 16 nsites= 315
0.4222222222222222	0.022222222222222223	0.4031746031746032	0.1523809523809524
0.09841269841269841	0.009523809523809525	0.8444444444444444	0.047619047619047616
0.4984126984126984	0.15873015873015872	0.1873015873015873	0.15555555555555556
0.8952380952380953	0.050793650793650794	0.025396825396825397	0.02857142857142857
0.009523809523809525	0.8761904761904762	0.009523809523809525	0.10476190476190476
0.6444444444444445	0.03492063492063492	0.11428571428571428	0.20634920634920634
0.02857142857142857	0.18095238095238095	0.17142857142857143	0.6190476190476191
0.07936507936507936	0.21904761904761905	0.11428571428571428	0.5873015873015873
0.06666666666666667	0.4666666666666667	0.14603174603174604	0.32063492063492066
0.09206349206349207	0.06349206349206349	0.04126984126984127	0.8031746031746032
0.015873015873015872	0.08571428571428572	0.8603174603174604	0.0380952380952381
0.05714285714285714	0.03492063492063492	0.03492063492063492	0.873015873015873
0.23492063492063492	0.13015873015873017	0.1492063492063492	0.4857142857142857
0.06349206349206349	0.8095238095238095	0.009523809523809525	0.11746031746031746
0.08253968253968254	0.2634920634920635	0.025396825396825397	0.6285714285714286
0.13015873015873017	0.24444444444444444	0.23492063492063492	0.3904761904761905
