>letter-probability matrix PTF1A_HUMAN.H11MO.0.B: alength= 4 w= 18 nsites= 500
0.152	0.44599999999999995	0.362	0.04
0.014	0.954	0.012	0.02
0.9400000000000001	0.01	0.006000000000000001	0.044000000000000004
0.006000000000000001	0.044000000000000004	0.766	0.184
0.07600000000000001	0.868	0.022000000000000002	0.034
0.014	0.004	0.002	0.98
0.01	0.016	0.934	0.04
0.02	0.44399999999999995	0.274	0.262
0.055999999999999994	0.424	0.11999999999999998	0.39999999999999997
0.148	0.314	0.23799999999999996	0.3
0.08199999999999999	0.41	0.24999999999999997	0.258
0.134	0.414	0.13999999999999999	0.312
0.146	0.23199999999999998	0.22599999999999998	0.39599999999999996
0.05399999999999999	0.346	0.136	0.46399999999999997
0.072	0.40399999999999997	0.06999999999999999	0.45399999999999996
0.064	0.6020000000000001	0.132	0.202
0.242	0.44	0.066	0.252
0.18000000000000002	0.484	0.17600000000000002	0.16
