>letter-probability matrix RARA_HUMAN.H11MO.0.A: alength= 4 w= 20 nsites= 499
0.2605210420841683	0.12424849699398796	0.5511022044088176	0.06412825651302605
0.21042084168336672	0.11222444889779558	0.5511022044088176	0.12625250501002003
0.3707414829659319	0.056112224448897796	0.4649298597194389	0.10821643286573146
0.2845691382765531	0.09218436873747496	0.43286573146292584	0.1903807615230461
0.1683366733466934	0.20841683366733466	0.5551102204408818	0.06813627254509018
0.39478957915831664	0.09418837675350701	0.35671342685370744	0.15430861723446895
0.10220440881763526	0.156312625250501	0.2444889779559118	0.49699398797595185
0.11022044088176351	0.5070140280561122	0.2605210420841683	0.1222444889779559
0.44288577154308617	0.23046092184368738	0.19238476953907815	0.13426853707414832
0.4288577154308617	0.06813627254509019	0.35470941883767537	0.14829659318637275
0.3667334669338677	0.0501002004008016	0.5490981963927856	0.03406813627254509
0.811623246492986	0.006012024048096193	0.1683366733466934	0.014028056112224449
0.04208416833667335	0.0	0.9498997995991985	0.008016032064128258
0.02004008016032064	0.01002004008016032	0.5090180360721442	0.4609218436873747
0.016032064128256515	0.04609218436873748	0.06613226452905813	0.8717434869739479
0.0020040080160320644	0.9378757515030061	0.04008016032064129	0.020040080160320644
0.9839679358717435	0.0	0.004008016032064129	0.012024048096192385
0.56312625250501	0.10821643286573145	0.2565130260521042	0.07214428857715431
0.17835671342685372	0.05210420841683367	0.6993987975951904	0.07014028056112225
0.11222444889779559	0.08617234468937876	0.7374749498997997	0.06412825651302606
