>letter-probability matrix RARG_HUMAN.H11MO.0.B: alength= 4 w= 18 nsites= 500
0.576	0.018	0.38799999999999996	0.018
0.17600000000000002	0.006000000000000001	0.756	0.062
0.14	0.006000000000000001	0.846	0.008
0.064	0.01	0.134	0.7919999999999999
0.014	0.888	0.036000000000000004	0.062
0.92	0.012	0.052000000000000005	0.016
0.186	0.32999999999999996	0.37599999999999995	0.10799999999999998
0.43	0.29200000000000004	0.242	0.036000000000000004
0.298	0.186	0.43999999999999995	0.076
0.206	0.12599999999999997	0.10799999999999998	0.5599999999999999
0.09399999999999999	0.16599999999999998	0.6859999999999999	0.05399999999999999
0.40800000000000003	0.22	0.23	0.14200000000000002
0.228	0.616	0.096	0.06
0.296	0.592	0.041999999999999996	0.06999999999999999
0.13999999999999999	0.22599999999999998	0.146	0.48799999999999993
0.17800000000000002	0.164	0.456	0.202
0.27	0.112	0.48	0.138
0.312	0.23399999999999999	0.33999999999999997	0.11399999999999999
