>letter-probability matrix REL_HUMAN.H11MO.0.B: alength= 4 w= 15 nsites= 178
0.3089887640449438	0.08426966292134831	0.25842696629213485	0.34831460674157305
0.2752808988764045	0.16853932584269662	0.48314606741573035	0.07303370786516854
0.42134831460674155	0.1404494382022472	0.11797752808988764	0.3202247191011236
0.48314606741573035	0.03932584269662921	0.30337078651685395	0.17415730337078653
0.1404494382022472	0.0056179775280898875	0.8146067415730337	0.03932584269662921
0.011235955056179775	0.0	0.9831460674157303	0.0056179775280898875
0.08426966292134831	0.0	0.9044943820224719	0.011235955056179775
0.6179775280898876	0.016853932584269662	0.34831460674157305	0.016853932584269662
0.9157303370786517	0.0056179775280898875	0.06179775280898876	0.016853932584269662
0.702247191011236	0.028089887640449437	0.09550561797752809	0.17415730337078653
0.08426966292134831	0.1348314606741573	0.16292134831460675	0.6179775280898876
0.011235955056179775	0.21348314606741572	0.33146067415730335	0.4438202247191011
0.19662921348314608	0.6853932584269663	0.0449438202247191	0.07303370786516854
0.10112359550561797	0.7584269662921348	0.11235955056179775	0.028089887640449437
0.6629213483146067	0.11235955056179775	0.10112359550561797	0.12359550561797752
