>letter-probability matrix REST_HUMAN.H11MO.0.A: alength= 4 w= 22 nsites= 500
0.142	0.08399999999999999	0.19199999999999998	0.582
0.028	0.14200000000000002	0.038000000000000006	0.792
0.012	0.924	0.016	0.048
0.916	0.028	0.024	0.032
0.02	0.04	0.9380000000000001	0.002
0.07400000000000001	0.676	0.17400000000000002	0.07600000000000001
0.948	0.014	0.026000000000000002	0.012
0.014	0.9440000000000001	0.03	0.012
0.03	0.904	0.022000000000000002	0.044000000000000004
0.552	0.11	0.158	0.18000000000000002
0.12599999999999997	0.3	0.086	0.48799999999999993
0.03	0.008	0.958	0.004
0.024	0.006000000000000001	0.964	0.006000000000000001
0.864	0.066	0.028	0.042
0.014	0.796	0.14600000000000002	0.044000000000000004
0.948	0.01	0.018000000000000002	0.024
0.026000000000000002	0.018000000000000002	0.9420000000000001	0.014
0.136	0.642	0.11	0.112
0.20199999999999999	0.029999999999999995	0.46799999999999997	0.3
0.138	0.6060000000000001	0.18000000000000002	0.07600000000000001
0.134	0.7060000000000001	0.026000000000000002	0.134
0.272	0.43	0.124	0.17400000000000002
