>letter-probability matrix RFX1_HUMAN.H11MO.0.B: alength= 4 w= 22 nsites= 457
0.07324541684159018	0.37378198242572674	0.4094980694423296	0.14347453129035348
0.10891361964703884	0.45733019727596397	0.2677707156931005	0.1659854673838967
0.06723032543607964	0.4302544176871223	0.3212099036382008	0.1813053532385972
0.09220541960127242	0.40123858269324836	0.3751480712796048	0.1314079264258744
0.052826965291140074	0.5949415672105178	0.24607382405109007	0.10615764344725216
0.13679792088880705	0.34097266569984835	0.3461549930220937	0.1760744203892509
0.00697942057291041	0.008612531449589227	0.9800752428087566	0.004332805168743783
0.001991528562974234	0.10645775828534312	0.0020154923654479243	0.8895352207862347
0.022673069521535687	0.18762043048610227	0.008439896754905401	0.7812666032374567
0.03177699430064561	0.013636854481656694	0.8997833226047627	0.054802828612935
0.002280964003387995	0.8991510864880229	0.002143532646984204	0.09642441686160481
0.0	0.789671133286655	0.011659680785185688	0.19866918592815933
0.7405176440020237	0.06181075870120334	0.09682300964101946	0.10084858765575337
0.16239051712789457	0.06492434765703639	0.31080035080749063	0.46188478440757835
0.04671403333314112	0.0038713219024393165	0.9468939035628703	0.0025207412015492486
0.0891853969056744	0.0649487020099162	0.8258414337332762	0.02002446735113317
0.22741782328468355	0.4060816602366967	0.2144028128899379	0.1520977035886819
0.4047399904448426	0.09674486386745647	0.42342067637729175	0.07509446931040921
0.6242032809450844	0.2109263746684891	0.1257359134416572	0.03913443094476936
0.07154062536387677	0.714436580913233	0.12171957448944463	0.09230321923344564
0.14730042737782545	0.3073783043841195	0.4710645350767647	0.07425673316129021
0.1530230528162033	0.2855137285971388	0.49903306093534355	0.06243015765131439
