>letter-probability matrix RFX2_HUMAN.H11MO.0.A: alength= 4 w= 18 nsites= 423
0.04255319148936171	0.5697399527186762	0.10401891252955082	0.28368794326241137
0.13002364066193853	0.1773049645390071	0.40898345153664306	0.28368794326241137
0.0	0.0	1.0	0.0
0.0	0.007092198581560285	0.0	0.9929078014184397
0.018912529550827426	0.08037825059101655	0.0047281323877068565	0.8959810874704491
0.04255319148936171	0.0023640661938534283	0.9408983451536643	0.014184397163120567
0.0023640661938534283	0.9054373522458629	0.0023640661938534283	0.08983451536643026
0.0	0.8014184397163121	0.0	0.19858156028368795
0.8037825059101655	0.054373522458628844	0.05673758865248227	0.08510638297872342
0.13002364066193853	0.007092198581560285	0.11583924349881797	0.7470449172576833
0.07801418439716312	0.0	0.91725768321513	0.0047281323877068565
0.11583924349881797	0.007092198581560285	0.8747044917257684	0.0023640661938534283
0.15602836879432624	0.5342789598108747	0.1938534278959811	0.11583924349881797
0.5768321513002364	0.03546099290780142	0.30023640661938533	0.08747044917257683
0.8463356973995272	0.054373522458628844	0.07328605200945626	0.026004728132387706
0.02364066193853428	0.8581560283687943	0.016548463356973995	0.10165484633569741
0.3073286052009456	0.2576832151300236	0.3309692671394799	0.10401891252955081
0.19148936170212766	0.2647754137115839	0.4444444444444445	0.09929078014184398
