>letter-probability matrix RFX5_HUMAN.H11MO.0.A: alength= 4 w= 20 nsites= 500
0.19	0.218	0.478	0.114
0.128	0.16	0.22999999999999998	0.48199999999999993
0.132	0.534	0.184	0.15000000000000002
0.49	0.21	0.196	0.10400000000000001
0.09000000000000001	0.334	0.35000000000000003	0.226
0.08	0.5740000000000001	0.114	0.232
0.256	0.068	0.21	0.46599999999999997
0.02	0.012	0.96	0.008
0.01	0.08	0.054	0.856
0.09	0.134	0.016	0.7599999999999999
0.15000000000000002	0.044000000000000004	0.6940000000000001	0.112
0.024	0.906	0.008	0.062
0.016	0.43399999999999994	0.02	0.53
0.626	0.016	0.33399999999999996	0.023999999999999997
0.128	0.036000000000000004	0.646	0.19
0.05	0.056	0.87	0.024
0.142	0.39399999999999996	0.314	0.15
0.532	0.156	0.21	0.10200000000000001
0.308	0.10799999999999998	0.52	0.064
0.55	0.14800000000000002	0.22	0.082
