>letter-probability matrix RORA_HUMAN.H11MO.0.C: alength= 4 w= 13 nsites= 500
0.534	0.228	0.14600000000000002	0.092
0.44799999999999995	0.13	0.09799999999999999	0.324
0.16	0.39399999999999996	0.274	0.172
0.25199999999999995	0.06999999999999999	0.16399999999999998	0.514
0.5499999999999999	0.016	0.424	0.01
0.07200000000000001	0.004	0.882	0.042
0.02	0.006000000000000001	0.948	0.026000000000000002
0.074	0.172	0.24199999999999997	0.512
0.002	0.95	0.044000000000000004	0.004
0.962	0.008	0.01	0.02
0.34400000000000003	0.122	0.456	0.078
0.29800000000000004	0.078	0.426	0.198
0.204	0.09999999999999999	0.61	0.086
