>letter-probability matrix RUNX2_HUMAN.H11MO.0.A: alength= 4 w= 14 nsites= 500
0.172	0.076	0.316	0.43599999999999994
0.092	0.13	0.522	0.256
0.11399999999999999	0.13	0.292	0.46399999999999997
0.12199999999999998	0.39799999999999996	0.176	0.304
0.068	0.01	0.016	0.906
0.008	0.016	0.924	0.052000000000000005
0.034	0.028	0.026000000000000002	0.912
0.002	0.0	0.998	0.0
0.002	0.004	0.974	0.02
0.018	0.146	0.11199999999999999	0.724
0.032	0.13799999999999998	0.16	0.6699999999999999
0.176	0.026	0.19199999999999998	0.606
0.11399999999999999	0.10999999999999999	0.38799999999999996	0.38799999999999996
0.09799999999999999	0.13	0.37999999999999995	0.39199999999999996
