>letter-probability matrix RXRA_HUMAN.H11MO.0.A: alength= 4 w= 20 nsites= 500
0.254	0.224	0.40800000000000003	0.114
0.30200000000000005	0.092	0.41400000000000003	0.192
0.156	0.088	0.606	0.15
0.23799999999999996	0.092	0.368	0.302
0.244	0.242	0.376	0.138
0.468	0.042	0.318	0.17200000000000001
0.202	0.14400000000000002	0.48	0.17400000000000002
0.286	0.18	0.33599999999999997	0.19799999999999998
0.236	0.346	0.33599999999999997	0.08199999999999999
0.58	0.029999999999999995	0.26	0.13
0.348	0.068	0.5559999999999999	0.027999999999999997
0.704	0.013999999999999999	0.274	0.008
0.066	0.01	0.91	0.014
0.016	0.04	0.848	0.096
0.047999999999999994	0.034	0.3	0.618
0.044000000000000004	0.79	0.114	0.052000000000000005
0.908	0.036000000000000004	0.038000000000000006	0.018000000000000002
0.254	0.17600000000000002	0.454	0.116
0.39599999999999996	0.12399999999999999	0.314	0.16599999999999998
0.24399999999999997	0.144	0.534	0.078
