>letter-probability matrix SMAD3_HUMAN.H11MO.0.B: alength= 4 w= 12 nsites= 500
0.16399999999999998	0.364	0.314	0.158
0.10999999999999999	0.272	0.16799999999999998	0.44999999999999996
0.064	0.6960000000000001	0.06	0.18000000000000002
0.216	0.004	0.014	0.766
0.06999999999999999	0.294	0.5539999999999999	0.08199999999999999
0.212	0.312	0.106	0.37
0.038000000000000006	0.87	0.008	0.084
0.46599999999999997	0.118	0.022	0.39399999999999996
0.008	0.566	0.33199999999999996	0.09399999999999999
0.032	0.912	0.014	0.042
0.352	0.055999999999999994	0.004	0.588
0.07200000000000001	0.272	0.494	0.162
