>letter-probability matrix SMAD4_HUMAN.H11MO.0.B: alength= 4 w= 13 nsites= 497
0.2193158953722334	0.448692152917505	0.20321931589537223	0.12877263581488935
0.3078470824949698	0.10060362173038229	0.05231388329979879	0.5392354124748491
0.018108651911468814	0.01006036217303823	0.9456740442655935	0.026156941649899398
0.04627766599597585	0.04627766599597585	0.17706237424547283	0.7303822937625754
0.002012072434607646	0.9818913480885312	0.008048289738430584	0.008048289738430584
0.002012072434607646	0.006036217303822939	0.002012072434607646	0.9899396378269618
0.1448692152917505	0.21126760563380279	0.5975855130784709	0.04627766599597585
0.193158953722334	0.14688128772635814	0.3702213279678068	0.289738430583501
0.028169014084507043	0.9396378269617707	0.01609657947686117	0.01609657947686117
0.7122736418511066	0.052313883299798795	0.09255533199195172	0.14285714285714288
0.052313883299798795	0.6961770623742455	0.18913480885311873	0.06237424547283702
0.1348088531187123	0.5734406438631792	0.06438631790744467	0.22736418511066397
0.13682092555331993	0.20925553319919515	0.09456740442655935	0.5593561368209256
