>letter-probability matrix SMCA5_HUMAN.H11MO.0.C: alength= 4 w= 15 nsites= 404
0.03712871287128713	0.0297029702970297	0.905940594059406	0.027227722772277228
0.7351485148514851	0.12376237623762376	0.10643564356435643	0.034653465346534656
0.5099009900990099	0.24504950495049505	0.20544554455445543	0.039603960396039604
0.10891089108910891	0.05693069306930693	0.13613861386138615	0.698019801980198
0.13366336633663367	0.297029702970297	0.3341584158415842	0.23514851485148514
0.08663366336633663	0.11633663366336634	0.7871287128712872	0.009900990099009901
0.8366336633663366	0.03217821782178218	0.07425742574257425	0.05693069306930693
0.8688118811881188	0.034653465346534656	0.08415841584158416	0.012376237623762377
0.12376237623762376	0.04950495049504951	0.11138613861386139	0.7153465346534653
0.11633663366336634	0.009900990099009901	0.8613861386138614	0.012376237623762377
0.024752475247524754	0.3094059405940594	0.650990099009901	0.01485148514851485
0.8935643564356436	0.012376237623762377	0.039603960396039604	0.054455445544554455
0.594059405940594	0.17326732673267325	0.21534653465346534	0.017326732673267328
0.35148514851485146	0.06930693069306931	0.06683168316831684	0.5123762376237624
0.05198019801980198	0.6782178217821783	0.18316831683168316	0.08663366336633663
