>letter-probability matrix SOX10_HUMAN.H11MO.1.A: alength= 4 w= 13 nsites= 500
0.09800000000000002	0.3340000000000001	0.22400000000000003	0.3439999999999999
0.029999999999999995	0.31000000000000005	0.258	0.40199999999999997
0.046000000000000006	0.508	0.13800000000000004	0.30799999999999994
0.025999999999999995	0.8480000000000001	0.011999999999999999	0.11399999999999998
0.13399999999999998	0.07799999999999997	0.0019999999999999996	0.786
0.002	0.15	0.036000000000000004	0.812
0.011999999999999999	0.04599999999999999	0.015999999999999997	0.926
0.029999999999999995	0.24200000000000002	0.6559999999999999	0.072
0.039999999999999994	0.006	0.007999999999999998	0.9460000000000001
0.027999999999999997	0.23000000000000004	0.236	0.5059999999999999
0.036000000000000004	0.47800000000000004	0.03200000000000001	0.45399999999999996
0.12800000000000003	0.35799999999999993	0.12400000000000001	0.39000000000000007
0.13799999999999998	0.4739999999999999	0.118	0.2700000000000001
