>letter-probability matrix SOX10_HUMAN.H11MO.0.B: alength= 4 w= 16 nsites= 500
0.38	0.402	0.168	0.05
0.888	0.064	0.032	0.016
0.77	0.032	0.12	0.078
0.48	0.032	0.25	0.238
0.324	0.078	0.546	0.052
0.27799999999999997	0.16399999999999998	0.5019999999999999	0.055999999999999994
0.368	0.212	0.304	0.11599999999999999
0.292	0.148	0.322	0.23799999999999996
0.05	0.29200000000000004	0.404	0.254
0.05	0.798	0.046	0.106
0.5059999999999999	0.044	0.011999999999999999	0.43799999999999994
0.028	0.07400000000000001	0.036000000000000004	0.862
0.006000000000000001	0.022000000000000002	0.006000000000000001	0.966
0.054	0.02	0.926	0.0
0.062	0.002	0.012	0.924
0.13799999999999998	0.182	0.18	0.49999999999999994
