>letter-probability matrix SOX2_HUMAN.H11MO.1.A: alength= 4 w= 16 nsites= 500
0.078	0.272	0.268	0.38199999999999995
0.028	0.632	0.15000000000000002	0.19
0.034	0.6779999999999999	0.018	0.27
0.38199999999999995	0.044	0.013999999999999999	0.5599999999999999
0.002	0.016	0.006000000000000001	0.976
0.008	0.0	0.004	0.988
0.052	0.23399999999999999	0.696	0.018
0.198	0.008	0.018000000000000002	0.776
0.132	0.27999999999999997	0.176	0.412
0.508	0.2	0.044000000000000004	0.248
0.062	0.06	0.034	0.844
0.016	0.19	0.5900000000000001	0.20400000000000001
0.05999999999999999	0.534	0.106	0.3
0.526	0.106	0.09599999999999999	0.272
0.422	0.14	0.246	0.192
0.632	0.116	0.062	0.19
