>letter-probability matrix SOX4_HUMAN.H11MO.0.B: alength= 4 w= 12 nsites= 500
0.04	0.33399999999999996	0.236	0.38999999999999996
0.018	0.532	0.12199999999999998	0.32799999999999996
0.006000000000000001	0.804	0.008	0.182
0.106	0.03	0.01	0.854
0.004	0.016	0.036000000000000004	0.9440000000000001
0.002	0.012	0.026000000000000002	0.96
0.022000000000000002	0.092	0.848	0.038000000000000006
0.012	0.02	0.014	0.954
0.013999999999999999	0.33399999999999996	0.11999999999999998	0.532
0.027999999999999997	0.574	0.088	0.31
0.055999999999999994	0.362	0.162	0.42
0.11999999999999998	0.37999999999999995	0.206	0.294
