>letter-probability matrix SOX9_HUMAN.H11MO.0.B: alength= 4 w= 16 nsites= 500
0.804	0.138	0.044000000000000004	0.014
0.88	0.004	0.056	0.06
0.412	0.006	0.288	0.294
0.21399999999999997	0.049999999999999996	0.608	0.128
0.23399999999999999	0.19399999999999998	0.522	0.049999999999999996
0.23399999999999999	0.258	0.33799999999999997	0.16999999999999998
0.18999999999999997	0.282	0.298	0.22999999999999998
0.066	0.428	0.256	0.25
0.036000000000000004	0.796	0.062	0.106
0.402	0.078	0.014	0.506
0.0	0.136	0.09399999999999999	0.7699999999999999
0.0	0.0	0.0	1.0
0.004	0.004	0.99	0.002
0.012	0.002	0.0	0.986
0.038	0.132	0.19399999999999998	0.636
0.055999999999999994	0.566	0.06999999999999999	0.308
