>letter-probability matrix SP1_HUMAN.H11MO.0.A: alength= 4 w= 22 nsites= 499
0.31462925851703405	0.2064128256513026	0.33266533066132264	0.1462925851703407
0.19238476953907815	0.1002004008016032	0.6693386773547094	0.038076152304609215
0.04408817635270541	0.008016032064128258	0.8096192384769539	0.13827655310621242
0.05811623246492986	0.008016032064128258	0.9338677354709419	0.0
0.0	0.008016032064128258	0.9919839679358717	0.0
0.004008016032064129	0.0	0.9959919839679359	0.0
0.03206412825651303	0.9539078156312625	0.004008016032064129	0.010020040080160322
0.010020040080160322	0.0	0.9879759519038076	0.0020040080160320644
0.0020040080160320644	0.008016032064128258	0.9258517034068137	0.06412825651302606
0.06613226452905813	0.0020040080160320644	0.9158316633266533	0.016032064128256515
0.018036072144288578	0.03006012024048096	0.9118236472945892	0.04008016032064129
0.06012024048096192	0.8677354709418837	0.014028056112224449	0.05811623246492986
0.05811623246492986	0.5951903807615231	0.1903807615230461	0.15631262525050102
0.14428857715430862	0.11222444889779558	0.4629258517034068	0.280561122244489
0.08216432865731463	0.17635270541082163	0.7054108216432865	0.036072144288577156
0.11422845691382764	0.16633266533066132	0.6813627254509017	0.038076152304609215
0.16032064128256512	0.19639278557114226	0.5751503006012024	0.06813627254509018
0.08817635270541081	0.2665330661322645	0.5871743486973948	0.058116232464929855
0.12024048096192383	0.23246492985971942	0.5811623246492986	0.06613226452905811
0.11823647294589178	0.14428857715430862	0.6292585170340681	0.10821643286573145
0.12024048096192384	0.12024048096192384	0.7054108216432866	0.05410821643286573
0.1683366733466934	0.18637274549098196	0.6092184368737474	0.036072144288577156
