>letter-probability matrix SP1_HUMAN.H11MO.1.A: alength= 4 w= 14 nsites= 432
0.2685185185185185	0.2777777777777778	0.34722222222222227	0.10648148148148148
0.2337962962962963	0.16666666666666669	0.5393518518518519	0.06018518518518519
0.09953703703703703	0.032407407407407406	0.7453703703703703	0.12268518518518519
0.07175925925925926	0.01851851851851852	0.8981481481481481	0.011574074074074075
0.00925925925925926	0.020833333333333336	0.9606481481481481	0.00925925925925926
0.00462962962962963	0.020833333333333336	0.9675925925925926	0.006944444444444446
0.034722222222222224	0.9375	0.0	0.02777777777777778
0.025462962962962965	0.006944444444444446	0.9490740740740741	0.01851851851851852
0.00462962962962963	0.01851851851851852	0.8958333333333334	0.08101851851851852
0.07407407407407408	0.01388888888888889	0.8796296296296297	0.032407407407407406
0.0787037037037037	0.08101851851851852	0.8171296296296297	0.02314814814814815
0.05787037037037037	0.775462962962963	0.1087962962962963	0.05787037037037037
0.0625	0.5532407407407407	0.2175925925925926	0.16666666666666669
0.16435185185185186	0.14814814814814817	0.4375	0.25
