>letter-probability matrix SP4_HUMAN.H11MO.0.A: alength= 4 w= 20 nsites= 499
0.22244488977955912	0.24849699398797595	0.45490981963927857	0.07414829659318638
0.2665330661322645	0.14829659318637273	0.4629258517034068	0.1222444889779559
0.1402805611222445	0.18036072144288576	0.6052104208416833	0.07414829659318636
0.40480961923847697	0.250501002004008	0.24849699398797595	0.09619238476953908
0.527054108216433	0.11222444889779559	0.22444889779559118	0.13627254509018039
0.34669338677354705	0.026052104208416832	0.5490981963927856	0.0781563126252505
0.23046092184368738	0.018036072144288578	0.6372745490981965	0.11422845691382766
0.3426853707414829	0.02004008016032064	0.6152304609218436	0.022044088176352703
0.06813627254509019	0.012024048096192385	0.9018036072144289	0.018036072144288578
0.036072144288577156	0.004008016032064129	0.935871743486974	0.02404809619238477
0.12424849699398798	0.7695390781563126	0.010020040080160322	0.09619238476953908
0.056112224448897796	0.016032064128256515	0.8557114228456913	0.07214428857715431
0.05410821643286573	0.018036072144288578	0.8617234468937875	0.06613226452905813
0.35270541082164325	0.030060120240480957	0.5671342685370742	0.0501002004008016
0.21442885771543085	0.010020040080160322	0.74749498997996	0.028056112224448898
0.19839679358717435	0.5971943887775552	0.14228456913827656	0.06212424849699399
0.24849699398797595	0.4148296593186373	0.12424849699398798	0.21242484969939882
0.32665330661322645	0.07815631262525051	0.3647294589178357	0.23046092184368738
0.3026052104208417	0.11222444889779559	0.49899799599198397	0.08617234468937876
0.33266533066132264	0.14228456913827656	0.4308617234468938	0.09418837675350701
