>letter-probability matrix SP4_HUMAN.H11MO.1.A: alength= 4 w= 16 nsites= 496
0.1995967741935484	0.04838709677419355	0.7137096774193549	0.038306451612903226
0.33870967741935487	0.0907258064516129	0.5060483870967742	0.06451612903225808
0.48790322580645157	0.0282258064516129	0.41129032258064513	0.07258064516129031
0.36491935483870963	0.024193548387096774	0.5806451612903225	0.030241935483870965
0.22379032258064516	0.012096774193548387	0.655241935483871	0.10887096774193548
0.21774193548387097	0.006048387096774194	0.7701612903225806	0.006048387096774194
0.00806451612903226	0.00403225806451613	0.9798387096774194	0.00806451612903226
0.018145161290322582	0.010080645161290324	0.967741935483871	0.00403225806451613
0.3387096774193548	0.6068548387096774	0.0	0.054435483870967735
0.014112903225806451	0.0	0.9596774193548387	0.02620967741935484
0.014112903225806451	0.014112903225806451	0.9173387096774194	0.05443548387096774
0.2540322580645161	0.010080645161290322	0.6995967741935484	0.03629032258064516
0.14112903225806453	0.02217741935483871	0.810483870967742	0.02620967741935484
0.25806451612903225	0.5483870967741935	0.12298387096774192	0.07056451612903225
0.14516129032258063	0.35887096774193544	0.22177419354838707	0.27419354838709675
0.21975806451612903	0.08870967741935484	0.4415322580645161	0.25
