>letter-probability matrix SPI1_HUMAN.H11MO.0.A: alength= 4 w= 17 nsites= 500
0.424	0.20400000000000001	0.254	0.11800000000000001
0.49199999999999994	0.09999999999999999	0.32999999999999996	0.078
0.686	0.044000000000000004	0.168	0.10200000000000001
0.772	0.028	0.126	0.07400000000000001
0.652	0.014	0.11800000000000001	0.216
0.148	0.068	0.7539999999999999	0.029999999999999995
0.7220000000000001	0.048	0.224	0.006000000000000001
0.058	0.0	0.9420000000000001	0.0
0.002	0.0	0.998	0.0
1.0	0.0	0.0	0.0
0.998	0.0	0.0	0.002
0.036000000000000004	0.17	0.794	0.0
0.068	0.052000000000000005	0.04	0.84
0.042	0.122	0.8160000000000001	0.02
0.45399999999999996	0.12199999999999998	0.33199999999999996	0.092
0.36	0.182	0.318	0.13999999999999999
0.39799999999999996	0.13	0.258	0.21399999999999997
