>letter-probability matrix SPIB_HUMAN.H11MO.0.A: alength= 4 w= 17 nsites= 500
0.404	0.186	0.248	0.162
0.45999999999999996	0.11599999999999999	0.348	0.076
0.752	0.032	0.11800000000000001	0.098
0.7180000000000001	0.032	0.17400000000000002	0.07600000000000001
0.668	0.014	0.10200000000000001	0.216
0.164	0.052000000000000005	0.772	0.012
0.6579999999999999	0.074	0.26	0.008
0.07600000000000001	0.0	0.924	0.0
0.0	0.0	1.0	0.0
1.0	0.0	0.0	0.0
0.99	0.0	0.002	0.008
0.022000000000000002	0.20600000000000002	0.77	0.002
0.016	0.008	0.014	0.962
0.004	0.048	0.9420000000000001	0.006000000000000001
0.58	0.106	0.268	0.046
0.46399999999999997	0.118	0.314	0.104
0.54	0.11800000000000001	0.20400000000000001	0.138
