>letter-probability matrix SRF_HUMAN.H11MO.0.A: alength= 4 w= 18 nsites= 131
0.1297709923664122	0.20610687022900764	0.0916030534351145	0.5725190839694656
0.12213740458015267	0.19083969465648856	0.10687022900763359	0.5801526717557252
0.1450381679389313	0.15267175572519084	0.3969465648854962	0.3053435114503817
0.030534351145038167	0.9236641221374046	0.015267175572519083	0.030534351145038167
0.0	0.9389312977099237	0.007633587786259542	0.05343511450381679
0.32061068702290074	0.07633587786259542	0.030534351145038167	0.5725190839694656
0.1297709923664122	0.05343511450381679	0.030534351145038167	0.7862595419847328
0.6030534351145038	0.022900763358778626	0.04580152671755725	0.3282442748091603
0.0	0.007633587786259542	0.007633587786259542	0.9847328244274809
0.5267175572519084	0.04580152671755725	0.0	0.42748091603053434
0.19083969465648856	0.022900763358778626	0.007633587786259542	0.7786259541984732
0.05343511450381679	0.022900763358778626	0.9236641221374046	0.0
0.03816793893129771	0.007633587786259542	0.9541984732824428	0.0
0.10687022900763359	0.21374045801526717	0.3435114503816794	0.33587786259541985
0.16030534351145037	0.5877862595419847	0.15267175572519084	0.09923664122137404
0.48854961832061067	0.07633587786259542	0.0916030534351145	0.3435114503816794
0.16793893129770993	0.15267175572519084	0.21374045801526717	0.46564885496183206
0.31297709923664124	0.11450381679389313	0.32061068702290074	0.25190839694656486
