>letter-probability matrix STAT1_HUMAN.H11MO.0.A: alength= 4 w= 19 nsites= 500
0.202	0.428	0.12	0.25
0.094	0.5680000000000001	0.17	0.168
0.132	0.556	0.11	0.202
0.29400000000000004	0.35600000000000004	0.20400000000000001	0.14600000000000002
0.086	0.206	0.09999999999999999	0.608
0.002	0.016	0.004	0.978
0.008	0.006000000000000001	0.012	0.974
0.03	0.964	0.002	0.004
0.038000000000000006	0.8220000000000001	0.002	0.138
0.23399999999999999	0.304	0.142	0.32
0.268	0.026	0.6819999999999999	0.023999999999999997
0.032	0.014	0.804	0.15000000000000002
0.9440000000000001	0.038000000000000006	0.01	0.008
0.988	0.002	0.004	0.006000000000000001
0.5800000000000001	0.106	0.232	0.082
0.274	0.19599999999999998	0.10999999999999999	0.42
0.058	0.5880000000000001	0.248	0.106
0.34199999999999997	0.262	0.068	0.32799999999999996
0.134	0.534	0.138	0.194
