>letter-probability matrix STAT1_HUMAN.H11MO.1.A: alength= 4 w= 19 nsites= 500
0.39599999999999996	0.154	0.302	0.148
0.43599999999999994	0.092	0.43199999999999994	0.04
0.316	0.018	0.624	0.041999999999999996
0.6499999999999999	0.013999999999999999	0.32	0.016
0.95	0.018000000000000002	0.026000000000000002	0.006000000000000001
0.868	0.052000000000000005	0.07200000000000001	0.008
0.47000000000000003	0.216	0.132	0.182
0.282	0.152	0.19799999999999998	0.368
0.112	0.014	0.856	0.018000000000000002
0.922	0.012	0.062	0.004
0.926	0.012	0.058	0.004
0.946	0.024	0.02	0.01
0.078	0.54	0.34199999999999997	0.04
0.19399999999999998	0.19399999999999998	0.04	0.572
0.246	0.10200000000000001	0.488	0.164
0.7020000000000001	0.08	0.126	0.092
0.618	0.116	0.17400000000000002	0.092
0.5720000000000001	0.112	0.17800000000000002	0.138
0.18799999999999997	0.298	0.36	0.154
