>letter-probability matrix STAT2_HUMAN.H11MO.0.A: alength= 4 w= 19 nsites= 500
0.42	0.10999999999999999	0.34199999999999997	0.128
0.35	0.134	0.44999999999999996	0.066
0.298	0.01	0.636	0.055999999999999994
0.604	0.004	0.37	0.022
0.988	0.004	0.004	0.004
0.9440000000000001	0.016	0.018000000000000002	0.022000000000000002
0.48	0.168	0.13	0.222
0.23799999999999996	0.22799999999999998	0.13999999999999999	0.39399999999999996
0.078	0.002	0.916	0.004
0.972	0.006000000000000001	0.02	0.002
0.986	0.0	0.014	0.0
0.994	0.0	0.004	0.002
0.08800000000000001	0.686	0.214	0.012
0.104	0.176	0.016	0.704
0.182	0.11399999999999999	0.544	0.16
0.768	0.054	0.112	0.066
0.642	0.1	0.14800000000000002	0.11
0.6020000000000001	0.106	0.188	0.10400000000000001
0.204	0.292	0.372	0.132
