>letter-probability matrix TAF1_HUMAN.H11MO.0.A: alength= 4 w= 16 nsites= 500
0.5059999999999999	0.057999999999999996	0.40599999999999997	0.029999999999999995
0.752	0.046	0.156	0.046
0.424	0.055999999999999994	0.512	0.008
0.53	0.09599999999999999	0.36	0.013999999999999999
0.35	0.172	0.034	0.44399999999999995
0.09000000000000001	0.032	0.838	0.04
0.018000000000000002	0.014	0.958	0.01
0.324	0.6519999999999999	0.008	0.016
0.23199999999999998	0.055999999999999994	0.622	0.09
0.07	0.064	0.8320000000000001	0.034
0.282	0.54	0.05999999999999999	0.118
0.18	0.064	0.644	0.11199999999999999
0.158	0.16599999999999998	0.632	0.044
0.30200000000000005	0.41200000000000003	0.188	0.098
0.18999999999999997	0.146	0.526	0.13799999999999998
0.272	0.13799999999999998	0.528	0.06199999999999999
