>letter-probability matrix TAL1_HUMAN.H11MO.0.A: alength= 4 w= 19 nsites= 500
0.10200000000000001	0.5720000000000001	0.16	0.166
0.06999999999999999	0.148	0.152	0.63
0.034	0.036000000000000004	0.7200000000000001	0.21
0.058	0.27	0.484	0.188
0.186	0.22599999999999998	0.324	0.264
0.23	0.226	0.364	0.18000000000000002
0.214	0.214	0.386	0.186
0.192	0.21	0.406	0.192
0.154	0.308	0.318	0.21999999999999997
0.29	0.16999999999999998	0.37799999999999995	0.162
0.118	0.4739999999999999	0.32799999999999996	0.08
0.64	0.032	0.008	0.32
0.002	0.002	0.996	0.0
1.0	0.0	0.0	0.0
0.004	0.0	0.002	0.994
0.95	0.002	0.012	0.036000000000000004
0.8220000000000001	0.016	0.14800000000000002	0.014
0.144	0.16399999999999998	0.634	0.057999999999999996
0.29	0.21799999999999997	0.414	0.078
