>letter-probability matrix TAL1_HUMAN.H11MO.1.A: alength= 4 w= 15 nsites= 500
0.21399999999999997	0.38399999999999995	0.26	0.142
0.48	0.20600000000000002	0.158	0.156
0.276	0.04	0.486	0.198
0.17400000000000002	0.254	0.504	0.068
0.558	0.214	0.096	0.132
0.6100000000000001	0.024	0.216	0.15000000000000002
0.398	0.112	0.482	0.008
0.034	0.946	0.014	0.006000000000000001
0.932	0.002	0.006000000000000001	0.06
0.012	0.07	0.862	0.056
0.392	0.34800000000000003	0.216	0.044000000000000004
0.07	0.01	0.024	0.896
0.038000000000000006	0.014	0.88	0.068
0.09	0.12399999999999999	0.346	0.43999999999999995
0.11599999999999999	0.24199999999999997	0.32999999999999996	0.312
