>letter-probability matrix TBX20_HUMAN.H11MO.0.D: alength= 4 w= 14 nsites= 499
0.36873747494989983	0.12625250501002003	0.2905811623246493	0.21442885771543085
0.27655310621242485	0.09619238476953908	0.4849699398797595	0.14228456913827656
0.030060120240480957	0.26452905811623245	0.6152304609218436	0.09018036072144288
0.06412825651302606	0.10420841683366734	0.022044088176352707	0.8096192384769539
0.028056112224448898	0.012024048096192385	0.9559118236472945	0.004008016032064129
0.23647294589178355	0.3627254509018036	0.13627254509018036	0.26452905811623245
0.04408817635270541	0.012024048096192385	0.06012024048096192	0.8837675350701403
0.028056112224448898	0.006012024048096193	0.9619238476953907	0.004008016032064129
0.9298597194388778	0.04208416833667335	0.026052104208416835	0.0020040080160320644
0.12625250501002003	0.7835671342685371	0.07014028056112225	0.020040080160320644
0.935871743486974	0.0020040080160320644	0.018036072144288578	0.04408817635270541
0.1402805611222445	0.020040080160320644	0.7454909819639279	0.09418837675350701
0.10821643286573146	0.3366733466933868	0.46092184368737477	0.09418837675350701
0.29458917835671344	0.2384769539078156	0.1342685370741483	0.33266533066132264
