>letter-probability matrix TBX21_HUMAN.H11MO.0.A: alength= 4 w= 13 nsites= 494
0.2145748987854251	0.20242914979757085	0.4392712550607287	0.14372469635627533
0.21457489878542507	0.11538461538461538	0.3157894736842105	0.35425101214574894
0.12753036437246962	0.18623481781376516	0.5728744939271255	0.11336032388663966
0.3299595141700405	0.10931174089068826	0.33400809716599195	0.22672064777327935
0.4919028340080971	0.05263157894736842	0.32186234817813764	0.13360323886639677
0.19028340080971662	0.008097165991902834	0.7004048582995952	0.10121457489878542
0.05668016194331983	0.2975708502024291	0.6012145748987854	0.044534412955465584
0.048582995951417005	0.008097165991902834	0.008097165991902834	0.9352226720647774
0.0020242914979757085	0.0020242914979757085	0.9676113360323887	0.02834008097165992
0.14777327935222673	0.12550607287449392	0.12145748987854249	0.6052631578947368
0.042510121457489884	0.1639676113360324	0.6133603238866397	0.18016194331983806
0.6012145748987854	0.018218623481781375	0.31781376518218624	0.06275303643724696
0.3765182186234817	0.1902834008097166	0.2591093117408907	0.1740890688259109
