>letter-probability matrix TCF7_HUMAN.H11MO.0.A: alength= 4 w= 16 nsites= 500
0.45799999999999996	0.128	0.274	0.13999999999999999
0.452	0.242	0.19	0.116
0.28200000000000003	0.452	0.128	0.138
0.29400000000000004	0.48	0.158	0.068
0.76	0.054	0.08800000000000001	0.098
0.029999999999999995	0.6819999999999999	0.274	0.013999999999999999
0.68	0.066	0.002	0.252
0.114	0.02	0.028	0.838
0.066	0.7000000000000001	0.212	0.022000000000000002
0.96	0.012	0.006000000000000001	0.022000000000000002
0.864	0.068	0.06	0.008
0.9	0.002	0.07200000000000001	0.026000000000000002
0.19	0.04	0.758	0.012
0.24	0.214	0.486	0.06
0.32799999999999996	0.24599999999999997	0.302	0.12399999999999999
0.444	0.19	0.196	0.17
