>letter-probability matrix TEAD4_HUMAN.H11MO.0.A: alength= 4 w= 13 nsites= 500
0.52	0.018	0.39799999999999996	0.064
0.284	0.6499999999999999	0.055999999999999994	0.01
0.964	0.01	0.006000000000000001	0.02
0.016	0.018000000000000002	0.01	0.956
0.044000000000000004	0.018000000000000002	0.07	0.868
0.02	0.934	0.018000000000000002	0.028
0.002	0.844	0.006000000000000001	0.14800000000000002
0.424	0.062	0.022000000000000002	0.492
0.156	0.13999999999999999	0.514	0.18999999999999997
0.238	0.192	0.428	0.14200000000000002
0.28200000000000003	0.376	0.234	0.108
0.468	0.202	0.124	0.20600000000000002
0.16	0.16999999999999998	0.264	0.40599999999999997
