>letter-probability matrix TFDP1_HUMAN.H11MO.0.C: alength= 4 w= 14 nsites= 500
0.352	0.13999999999999999	0.39799999999999996	0.10999999999999999
0.268	0.128	0.518	0.086
0.33	0.11	0.41600000000000004	0.14400000000000002
0.322	0.078	0.428	0.17200000000000001
0.096	0.114	0.782	0.008
0.032	0.01	0.9440000000000001	0.014
0.07400000000000001	0.874	0.014	0.038000000000000006
0.046	0.016	0.904	0.034
0.008	0.046	0.9380000000000001	0.008
0.078	0.032	0.878	0.012
0.8320000000000001	0.02	0.13	0.018000000000000002
0.632	0.188	0.158	0.022000000000000002
0.48	0.11800000000000001	0.254	0.14800000000000002
0.31	0.18	0.282	0.22799999999999998
