>letter-probability matrix THA11_HUMAN.H11MO.0.B: alength= 4 w= 22 nsites= 126
0.14285714285714285	0.031746031746031744	0.48412698412698413	0.3412698412698413
0.023809523809523808	0.06349206349206349	0.8015873015873016	0.1111111111111111
0.0873015873015873	0.7222222222222222	0.14285714285714285	0.047619047619047616
0.5	0.3412698412698413	0.03968253968253968	0.11904761904761904
0.023809523809523808	0.15873015873015872	0.015873015873015872	0.8015873015873016
0.023809523809523808	0.2222222222222222	0.3968253968253968	0.35714285714285715
0.03968253968253968	0.8095238095238095	0.07142857142857142	0.07936507936507936
0.047619047619047616	0.15079365079365079	0.0	0.8015873015873016
0.015873015873015872	0.007936507936507936	0.9523809523809523	0.023809523809523808
0.023809523809523808	0.0	0.9365079365079365	0.03968253968253968
0.07142857142857142	0.015873015873015872	0.8650793650793651	0.047619047619047616
0.8253968253968254	0.031746031746031744	0.10317460317460317	0.03968253968253968
0.38095238095238093	0.12698412698412698	0.4126984126984127	0.07936507936507936
0.2777777777777778	0.07142857142857142	0.07936507936507936	0.5714285714285714
0.023809523809523808	0.10317460317460317	0.05555555555555555	0.8174603174603174
0.0	0.023809523809523808	0.9365079365079365	0.03968253968253968
0.015873015873015872	0.047619047619047616	0.07936507936507936	0.8571428571428571
0.8809523809523809	0.015873015873015872	0.0873015873015873	0.015873015873015872
0.015873015873015872	0.0	0.9841269841269841	0.0
0.023809523809523808	0.007936507936507936	0.047619047619047616	0.9206349206349206
0.047619047619047616	0.3888888888888889	0.06349206349206349	0.5
0.031746031746031744	0.5317460317460317	0.05555555555555555	0.38095238095238093
