>letter-probability matrix TWST1_HUMAN.H11MO.0.A: alength= 4 w= 17 nsites= 497
0.5070422535211268	0.26760563380281693	0.15492957746478875	0.07042253521126761
0.07042253521126761	0.869215291750503	0.028169014084507043	0.03219315895372234
0.9235412474849095	0.014084507042253521	0.03420523138832998	0.028169014084507043
0.01006036217303823	0.08249496981891348	0.18309859154929575	0.7243460764587525
0.1971830985915493	0.7022132796780685	0.08048289738430583	0.02012072434607646
0.002012072434607646	0.004024144869215292	0.002012072434607646	0.9919517102615694
0.0	0.008048289738430584	0.9678068410462777	0.024144869215291753
0.026156941649899394	0.1448692152917505	0.5352112676056338	0.2937625754527163
0.2917505030181086	0.0744466800804829	0.08651911468812877	0.5472837022132797
0.2857142857142857	0.09456740442655935	0.07042253521126761	0.5492957746478873
0.11670020120724346	0.26760563380281693	0.11871227364185111	0.4969818913480885
0.060362173038229376	0.36016096579476864	0.09054325955734407	0.48893360160965793
0.4346076458752515	0.2917505030181087	0.16096579476861167	0.11267605633802817
0.7847082494969819	0.056338028169014086	0.08853118712273643	0.07042253521126761
0.01609657947686117	0.03420523138832998	0.052313883299798795	0.89738430583501
0.0925553319919517	0.1851106639839034	0.03420523138832998	0.6881287726358148
0.6559356136820925	0.03621730382293763	0.03621730382293763	0.2716297786720322
