>letter-probability matrix VDR_HUMAN.H11MO.0.A: alength= 4 w= 16 nsites= 500
0.27799999999999997	0.134	0.45999999999999996	0.128
0.466	0.028	0.492	0.014
0.11800000000000001	0.008	0.844	0.03
0.052000000000000005	0.008	0.762	0.17800000000000002
0.01	0.12399999999999999	0.186	0.6799999999999999
0.05	0.6900000000000001	0.158	0.10200000000000001
0.812	0.014	0.108	0.066
0.136	0.33799999999999997	0.348	0.178
0.208	0.21999999999999997	0.154	0.418
0.14400000000000002	0.06	0.772	0.024
0.474	0.018000000000000002	0.496	0.012
0.008	0.004	0.976	0.012
0.016	0.008	0.368	0.608
0.078	0.08	0.19599999999999998	0.646
0.008	0.768	0.06	0.164
0.656	0.084	0.158	0.10200000000000001
