>letter-probability matrix VEZF1_HUMAN.H11MO.0.C: alength= 4 w= 22 nsites= 500
0.22999999999999998	0.088	0.544	0.13799999999999998
0.212	0.10799999999999998	0.636	0.044
0.296	0.06199999999999999	0.548	0.09399999999999999
0.306	0.076	0.544	0.074
0.5059999999999999	0.088	0.35	0.055999999999999994
0.342	0.06	0.5	0.098
0.19399999999999998	0.11199999999999999	0.644	0.049999999999999996
0.264	0.112	0.498	0.126
0.296	0.064	0.584	0.055999999999999994
0.058	0.012	0.86	0.07
0.018000000000000002	0.11800000000000001	0.8300000000000001	0.034
0.8220000000000001	0.08600000000000001	0.012	0.08
0.24799999999999997	0.026	0.704	0.022
0.206	0.08	0.6699999999999999	0.044
0.274	0.046	0.584	0.09599999999999999
0.21	0.032	0.646	0.112
0.15	0.12399999999999999	0.6719999999999999	0.05399999999999999
0.46399999999999997	0.182	0.272	0.08199999999999999
0.212	0.09799999999999999	0.568	0.12199999999999998
0.38199999999999995	0.022	0.542	0.05399999999999999
0.308	0.066	0.5579999999999999	0.068
0.33599999999999997	0.041999999999999996	0.524	0.09799999999999999
