>letter-probability matrix VEZF1_HUMAN.H11MO.1.C: alength= 4 w= 12 nsites= 489
0.41104294478527603	0.13701431492842536	0.3108384458077709	0.1411042944785276
0.2903885480572597	0.1329243353783231	0.4642126789366053	0.11247443762781185
0.37014314928425357	0.15950920245398773	0.37014314928425357	0.10020449897750511
0.36400817995910023	0.03067484662576687	0.5153374233128835	0.08997955010224949
0.0081799591002045	0.006134969325153375	0.9754601226993865	0.010224948875255624
0.00408997955010225	0.06339468302658487	0.899795501022495	0.032719836400818
0.9754601226993865	0.0081799591002045	0.002044989775051125	0.014314928425357873
0.2822085889570552	0.014314928425357872	0.6687116564417177	0.03476482617586912
0.11451942740286299	0.034764826175869123	0.7525562372188139	0.09815950920245399
0.2167689161554192	0.09611451942740286	0.5725971370143149	0.11451942740286297
0.25357873210633947	0.07975460122699386	0.5787321063394683	0.08793456032719836
0.25153374233128833	0.18813905930470348	0.4601226993865031	0.10020449897750512
