>letter-probability matrix WT1_HUMAN.H11MO.0.C: alength= 4 w= 20 nsites= 500
0.312	0.102	0.514	0.072
0.21	0.16	0.5599999999999999	0.06999999999999999
0.08800000000000001	0.112	0.762	0.038000000000000006
0.274	0.304	0.27599999999999997	0.146
0.098	0.084	0.804	0.014
0.29	0.052	0.596	0.06199999999999999
0.25199999999999995	0.026	0.714	0.008
0.006000000000000001	0.026000000000000002	0.956	0.012
0.012	0.016	0.972	0.0
0.8260000000000001	0.14800000000000002	0.004	0.022000000000000002
0.012	0.008	0.97	0.01
0.036000000000000004	0.012	0.908	0.044000000000000004
0.4759999999999999	0.09999999999999999	0.38599999999999995	0.038
0.23799999999999996	0.036	0.714	0.011999999999999999
0.24199999999999997	0.186	0.516	0.055999999999999994
0.306	0.21399999999999997	0.38799999999999996	0.092
0.12	0.068	0.752	0.06
0.19399999999999998	0.09399999999999999	0.6739999999999999	0.038
0.37	0.108	0.47200000000000003	0.05
0.21399999999999997	0.08	0.6799999999999999	0.026
