>letter-probability matrix Z324A_HUMAN.H11MO.0.C: alength= 4 w= 23 nsites= 500
0.11449999999999999	0.12049999999999998	0.37849999999999995	0.38649999999999995
0.3865	0.3205	0.23450000000000001	0.0585
0.0925	0.14049999999999999	0.0405	0.7264999999999999
0.022500000000000003	0.6025	0.14250000000000002	0.2325
0.5025	0.2465	0.1925	0.0585
0.6145	0.2545	0.0605	0.07050000000000001
0.5425000000000001	0.1585	0.2365	0.0625
0.062	0.8220000000000001	0.056	0.06
0.034	0.778	0.058	0.13
0.5800000000000001	0.17200000000000001	0.062	0.186
0.066	0.09	0.144	0.7
0.03	0.872	0.046	0.052000000000000005
0.028	0.888	0.024	0.06
0.05999999999999999	0.27599999999999997	0.041999999999999996	0.622
0.047999999999999994	0.19199999999999998	0.06999999999999999	0.69
0.162	0.102	0.306	0.42999999999999994
0.122	0.28600000000000003	0.444	0.14800000000000002
0.138	0.724	0.062	0.07600000000000001
0.15	0.18999999999999997	0.08199999999999999	0.578
0.06999999999999999	0.16599999999999998	0.4739999999999999	0.29
0.09399999999999999	0.46199999999999997	0.316	0.128
0.15200000000000002	0.632	0.07400000000000001	0.14200000000000002
0.4	0.19	0.18000000000000002	0.23
