>letter-probability matrix Z354A_HUMAN.H11MO.0.C: alength= 4 w= 24 nsites= 496
0.47177419354838707	0.07459677419354839	0.2620967741935484	0.19153225806451613
0.07661290322580645	0.11491935483870967	0.058467741935483875	0.75
0.03225806451612904	0.12096774193548387	0.058467741935483875	0.7883064516129032
0.04032258064516129	0.23387096774193547	0.06451612903225806	0.6612903225806451
0.5080645161290323	0.1995967741935484	0.10887096774193548	0.18346774193548387
0.2560483870967742	0.0907258064516129	0.4798387096774194	0.17338709677419356
0.24999999999999997	0.1411290322580645	0.1693548387096774	0.439516129032258
0.06854838709677419	0.5383064516129032	0.06451612903225806	0.3286290322580645
0.058467741935483875	0.7923387096774194	0.02620967741935484	0.12298387096774194
0.5725806451612904	0.15120967741935484	0.07661290322580645	0.1995967741935484
0.07258064516129033	0.11491935483870967	0.036290322580645164	0.7762096774193549
0.014112903225806451	0.020161290322580648	0.03024193548387097	0.935483870967742
0.020161290322580648	0.12096774193548387	0.04838709677419355	0.810483870967742
0.5826612903225807	0.25201612903225806	0.09274193548387097	0.07258064516129033
0.04233870967741935	0.6290322580645161	0.026209677419354836	0.3024193548387097
0.6290322580645161	0.10080645161290323	0.125	0.14516129032258066
0.038306451612903226	0.09879032258064516	0.08064516129032258	0.782258064516129
0.06451612903225808	0.08870967741935484	0.05443548387096774	0.7923387096774194
0.03629032258064516	0.19556451612903225	0.05241935483870967	0.7157258064516129
0.6774193548387097	0.08064516129032259	0.13508064516129034	0.10685483870967742
0.48588709677419356	0.10080645161290323	0.18548387096774194	0.22782258064516128
0.0625	0.03225806451612904	0.07661290322580645	0.8286290322580645
0.11895161290322581	0.1028225806451613	0.6814516129032259	0.0967741935483871
0.1532258064516129	0.1189516129032258	0.08266129032258064	0.6451612903225806
