>letter-probability matrix ZBT17_HUMAN.H11MO.0.A: alength= 4 w= 19 nsites= 500
0.18400000000000005	0.23800000000000004	0.4359999999999999	0.14200000000000004
0.38799999999999996	0.15600000000000003	0.30000000000000004	0.15600000000000003
0.2800000000000001	0.054000000000000006	0.5399999999999999	0.126
0.21200000000000005	0.08	0.61	0.09799999999999999
0.20000000000000004	0.13600000000000004	0.5719999999999998	0.09200000000000001
0.31999999999999995	0.12800000000000003	0.09400000000000001	0.4580000000000001
0.13999999999999996	0.03999999999999999	0.812	0.007999999999999998
0.20400000000000004	0.026	0.6799999999999999	0.09
0.23800000000000002	0.03400000000000001	0.6839999999999999	0.044000000000000004
0.15200000000000002	0.006000000000000001	0.79	0.052000000000000005
0.07199999999999998	0.07399999999999998	0.8500000000000001	0.003999999999999999
0.696	0.20000000000000004	0.0020000000000000005	0.10200000000000002
0.19800000000000004	0.03200000000000001	0.5379999999999999	0.23200000000000007
0.051999999999999984	0.016	0.886	0.046
0.23200000000000007	0.022000000000000006	0.726	0.020000000000000007
0.25600000000000006	0.008	0.71	0.026
0.5279999999999999	0.27599999999999997	0.13600000000000004	0.059999999999999984
0.4199999999999999	0.06200000000000001	0.3320000000000001	0.18600000000000005
0.25800000000000006	0.11400000000000003	0.5079999999999999	0.12000000000000002
