>letter-probability matrix ZBTB6_HUMAN.H11MO.0.C: alength= 4 w= 13 nsites= 456
0.08991228070175439	0.03947368421052632	0.75	0.1206140350877193
0.2302631578947368	0.06359649122807016	0.6864035087719298	0.019736842105263157
0.3245614035087719	0.20614035087719296	0.05263157894736842	0.41666666666666663
0.03728070175438597	0.14254385964912283	0.6929824561403509	0.12719298245614036
0.3925438596491228	0.5592105263157895	0.04385964912280702	0.004385964912280702
0.024122807017543862	0.08991228070175439	0.015350877192982457	0.8706140350877193
0.2149122807017544	0.013157894736842106	0.7236842105263158	0.048245614035087724
0.0	0.0	0.9978070175438597	0.002192982456140351
0.9890350877192983	0.006578947368421054	0.002192982456140351	0.002192982456140351
0.006578947368421054	0.004385964912280702	0.9868421052631579	0.002192982456140351
0.12280701754385966	0.7280701754385965	0.10087719298245615	0.048245614035087724
0.10087719298245615	0.6425438596491229	0.04605263157894737	0.2105263157894737
0.29605263157894735	0.14912280701754385	0.3684210526315789	0.18640350877192982
