>letter-probability matrix ZF64A_HUMAN.H11MO.0.D: alength= 4 w= 16 nsites= 483
0.15527950310559005	0.19047619047619047	0.5797101449275363	0.07453416149068323
0.10559006211180123	0.18426501035196685	0.6459627329192547	0.06418219461697722
0.25672877846790887	0.10766045548654243	0.546583850931677	0.08902691511387163
0.17391304347826086	0.18219461697722567	0.6066252587991718	0.037267080745341616
0.035196687370600416	0.9233954451345756	0.016563146997929608	0.02484472049689441
0.014492753623188406	0.9585921325051759	0.006211180124223604	0.020703933747412008
0.016563146997929608	0.9461697722567288	0.008281573498964804	0.028985507246376812
0.15320910973084886	0.11801242236024843	0.629399585921325	0.09937888198757763
0.010351966873706004	0.004140786749482402	0.9772256728778468	0.008281573498964804
0.016563146997929608	0.016563146997929608	0.9503105590062112	0.016563146997929608
0.6811594202898551	0.09316770186335405	0.20496894409937888	0.020703933747412008
0.4761904761904762	0.29192546583850937	0.1946169772256729	0.037267080745341616
0.13664596273291926	0.3602484472049689	0.15527950310559005	0.34782608695652173
0.12836438923395446	0.5734989648033126	0.1987577639751553	0.09937888198757765
0.2732919254658385	0.15113871635610765	0.23809523809523808	0.3374741200828157
0.08488612836438923	0.09316770186335405	0.7681159420289856	0.053830227743271224
