>letter-probability matrix ZFP28_HUMAN.H11MO.0.C: alength= 4 w= 20 nsites= 417
0.10071942446043164	0.18944844124700239	0.05995203836930455	0.6498800959232613
0.011990407673860911	0.00959232613908873	0.0023980815347721825	0.9760191846522782
0.0023980815347721825	0.8705035971223022	0.0	0.12709832134292565
0.08872901678657073	0.1606714628297362	0.021582733812949638	0.7290167865707433
0.6378896882494005	0.07194244604316546	0.20863309352517986	0.0815347721822542
0.00959232613908873	0.10551558752997602	0.0023980815347721825	0.8824940047961631
0.011990407673860911	0.07913669064748202	0.011990407673860911	0.8968824940047961
0.0023980815347721825	0.023980815347721823	0.0023980815347721825	0.9712230215827338
0.007194244604316548	0.9016786570743406	0.011990407673860911	0.07913669064748202
0.10311750599520382	0.18944844124700239	0.002398081534772182	0.7050359712230215
0.03357314148681055	0.023980815347721823	0.004796163069544365	0.9376498800959233
0.007194244604316548	0.8057553956834532	0.014388489208633094	0.17266187050359713
0.11990407673860912	0.09592326139088729	0.03357314148681055	0.750599520383693
0.06235011990407673	0.05035971223021582	0.26378896882494	0.6235011990407674
0.17505995203836933	0.050359712230215826	0.6402877697841727	0.1342925659472422
0.3621103117505995	0.021582733812949638	0.15827338129496402	0.45803357314148674
0.08393285371702638	0.04316546762589928	0.7865707434052758	0.08633093525179857
0.047961630695443645	0.0407673860911271	0.05275779376498801	0.8585131894484412
0.08393285371702638	0.6786570743405276	0.15587529976019185	0.0815347721822542
0.8609112709832134	0.03117505995203837	0.03357314148681055	0.07434052757793765
