>letter-probability matrix ZFP82_HUMAN.H11MO.0.C: alength= 4 w= 24 nsites= 498
0.032128514056224904	0.11445783132530121	0.05823293172690764	0.7951807228915663
0.014056224899598395	0.04819277108433736	0.02409638554216868	0.9136546184738956
0.010040160642570283	0.8152610441767069	0.014056224899598395	0.16064257028112452
0.10642570281124498	0.7931726907630522	0.014056224899598393	0.08634538152610442
0.7871485943775101	0.07630522088353416	0.06024096385542169	0.07630522088353416
0.2068273092369478	0.05823293172690763	0.32931726907630526	0.4056224899598393
0.09036144578313253	0.11244979919678713	0.07228915662650602	0.7248995983935742
0.03614457831325302	0.24297188755020077	0.06827309236947791	0.6526104417670683
0.07028112449799197	0.5642570281124498	0.16265060240963855	0.20281124497991967
0.6987951807228916	0.10240963855421688	0.06425702811244981	0.1345381526104418
0.06626506024096386	0.5	0.08634538152610442	0.34738955823293166
0.12248995983935741	0.12449799196787147	0.2289156626506024	0.5240963855421686
0.6124497991967872	0.14457831325301204	0.1847389558232932	0.05823293172690763
0.6244979919678715	0.12650602409638553	0.04819277108433735	0.20080321285140562
0.142570281124498	0.0783132530120482	0.2108433734939759	0.5682730923694779
0.17269076305220882	0.11646586345381525	0.06224899598393573	0.6485943775100401
0.028112449799196786	0.5220883534136547	0.06827309236947791	0.38152610441767065
0.032128514056224904	0.21485943775100402	0.008032128514056226	0.7449799196787149
0.10843373493975904	0.6285140562248996	0.026104417670682733	0.23694779116465864
0.06626506024096385	0.2791164658634538	0.056224899598393566	0.5983935742971888
0.1887550200803213	0.5863453815261045	0.026104417670682733	0.19879518072289157
0.022088353413654623	0.11646586345381528	0.02409638554216868	0.8373493975903614
0.032128514056224904	0.19076305220883535	0.024096385542168676	0.7530120481927711
0.022088353413654616	0.6686746987951807	0.038152610441767064	0.2710843373493976
