>letter-probability matrix ZFX_HUMAN.H11MO.1.A: alength= 4 w= 17 nsites= 495
0.22626262626262625	0.10505050505050505	0.3878787878787878	0.2808080808080808
0.10909090909090909	0.19999999999999998	0.5696969696969697	0.1212121212121212
0.32121212121212117	0.18585858585858583	0.3555555555555555	0.13737373737373737
0.2828282828282828	0.12727272727272726	0.5535353535353535	0.03636363636363636
0.18787878787878787	0.1313131313131313	0.6666666666666666	0.01414141414141414
0.2303030303030303	0.404040404040404	0.2767676767676768	0.08888888888888888
0.25656565656565655	0.27070707070707073	0.37575757575757573	0.09696969696969696
0.1090909090909091	0.3151515151515152	0.4767676767676768	0.09898989898989899
0.9191919191919192	0.03434343434343435	0.018181818181818184	0.028282828282828285
0.12727272727272726	0.024242424242424242	0.8323232323232324	0.016161616161616165
0.012121212121212121	0.06262626262626263	0.8787878787878788	0.046464646464646465
0.03838383838383839	0.8363636363636364	0.09494949494949495	0.030303030303030304
0.09696969696969697	0.7898989898989899	0.04040404040404041	0.07272727272727274
0.101010101010101	0.11717171717171716	0.4606060606060606	0.32121212121212117
0.2424242424242424	0.3111111111111111	0.3616161616161616	0.08484848484848484
0.25656565656565655	0.08888888888888888	0.6060606060606061	0.04848484848484848
0.19797979797979795	0.18383838383838383	0.5313131313131313	0.08686868686868686
