>letter-probability matrix ZIC2_HUMAN.H11MO.0.D: alength= 4 w= 15 nsites= 410
0.1902439024390244	0.15609756097560976	0.3926829268292683	0.26097560975609757
0.28780487804878047	0.14634146341463414	0.4585365853658537	0.1073170731707317
0.21707317073170732	0.4268292682926829	0.15853658536585366	0.1975609756097561
0.1024390243902439	0.473170731707317	0.09268292682926828	0.3317073170731707
0.19024390243902436	0.38048780487804873	0.1097560975609756	0.3195121951219512
0.014634146341463415	0.9121951219512195	0.02926829268292683	0.04390243902439025
0.046341463414634146	0.9048780487804878	0.0024390243902439024	0.046341463414634146
0.08292682926829267	0.19024390243902436	0.0	0.7268292682926829
0.08048780487804878	0.024390243902439025	0.8365853658536586	0.05853658536585366
0.007317073170731709	0.7951219512195122	0.10975609756097561	0.0878048780487805
0.11219512195121951	0.021951219512195124	0.11219512195121951	0.7536585365853659
0.024390243902439025	0.05609756097560976	0.8951219512195122	0.024390243902439025
0.3341463414634146	0.1170731707317073	0.18048780487804877	0.36829268292682926
0.03170731707317073	0.05609756097560976	0.7365853658536585	0.175609756097561
0.351219512195122	0.2951219512195122	0.14146341463414633	0.2121951219512195
