>letter-probability matrix ZIM3_HUMAN.H11MO.0.C: alength= 4 w= 19 nsites= 471
0.1273885350318471	0.15074309978768577	0.256900212314225	0.464968152866242
0.12314225053078555	0.08280254777070063	0.2441613588110403	0.5498938428874734
0.42038216560509556	0.03609341825902336	0.4692144373673036	0.0743099787685775
0.021231422505307858	0.002123142250530786	0.910828025477707	0.06581740976645435
0.19532908704883228	0.1932059447983015	0.43312101910828027	0.178343949044586
0.1380042462845011	0.05307855626326964	0.019108280254777073	0.7898089171974523
0.002123142250530786	0.002123142250530786	0.0	0.9957537154989384
0.010615711252653929	0.012738853503184714	0.06157112526539278	0.9150743099787686
0.0	1.0	0.0	0.0
0.0	0.0	0.0	1.0
0.002123142250530786	0.021231422505307858	0.9490445859872612	0.027600849256900213
0.03609341825902336	0.008492569002123144	0.0	0.9554140127388535
0.0	0.004246284501061572	0.0	0.9957537154989384
0.21443736730360935	0.08280254777070065	0.43312101910828027	0.26963906581740976
0.1295116772823779	0.48407643312101906	0.11464968152866241	0.27176220806794055
0.10828025477707007	0.29299363057324845	0.07006369426751594	0.5286624203821656
0.19532908704883226	0.13163481953290868	0.19532908704883226	0.4777070063694267
0.1507430997876858	0.1804670912951168	0.4394904458598726	0.22929936305732485
0.13163481953290868	0.4097664543524416	0.11464968152866241	0.34394904458598724
