>letter-probability matrix ZKSC1_HUMAN.H11MO.0.B: alength= 4 w= 19 nsites= 500
0.274	0.12399999999999999	0.154	0.44799999999999995
0.236	0.13999999999999999	0.518	0.106
0.436	0.222	0.10200000000000001	0.24
0.308	0.1	0.458	0.134
0.11	0.28400000000000003	0.424	0.182
0.418	0.232	0.17200000000000001	0.17800000000000002
0.028	0.934	0.022000000000000002	0.016
0.054	0.88	0.004	0.062
0.004	0.17600000000000002	0.048	0.772
0.918	0.038000000000000006	0.022000000000000002	0.022000000000000002
0.018000000000000002	0.926	0.042	0.014
0.038000000000000006	0.022000000000000002	0.006000000000000001	0.934
0.38199999999999995	0.034	0.576	0.008
0.134	0.049999999999999996	0.09999999999999999	0.716
0.0	0.038000000000000006	0.946	0.016
0.022000000000000002	0.14200000000000002	0.06	0.776
0.064	0.044000000000000004	0.8200000000000001	0.07200000000000001
0.096	0.684	0.07400000000000001	0.14600000000000002
0.236	0.36	0.09	0.314
