>letter-probability matrix ZN121_HUMAN.H11MO.0.C: alength= 4 w= 20 nsites= 486
0.026748971193415638	0.9176954732510288	0.02880658436213992	0.026748971193415638
0.0823045267489712	0.03497942386831276	0.08436213991769546	0.7983539094650205
0.01234567901234568	0.01234567901234568	0.9588477366255144	0.01646090534979424
0.03703703703703704	0.02469135802469136	0.934156378600823	0.00411522633744856
0.0925925925925926	0.06790123456790124	0.8333333333333334	0.006172839506172841
0.03497942386831276	0.9218106995884774	0.03497942386831276	0.00823045267489712
0.8271604938271605	0.0925925925925926	0.0617283950617284	0.01851851851851852
0.8127572016460906	0.0617283950617284	0.09876543209876544	0.026748971193415638
0.04320987654320988	0.7510288065843622	0.09053497942386832	0.11522633744855967
0.8415637860082305	0.03703703703703704	0.0925925925925926	0.02880658436213992
0.03909465020576131	0.2201646090534979	0.3004115226337448	0.4403292181069958
0.8251028806584363	0.02880658436213992	0.04526748971193416	0.10082304526748971
0.02263374485596708	0.03497942386831276	0.9176954732510288	0.02469135802469136
0.03292181069958848	0.5720164609053497	0.037037037037037035	0.35802469135802467
0.44855967078189296	0.08024691358024691	0.43827160493827155	0.03292181069958848
0.8724279835390947	0.02469135802469136	0.06995884773662552	0.03292181069958848
0.02263374485596708	0.0205761316872428	0.9423868312757202	0.01440329218106996
0.8641975308641976	0.04526748971193416	0.06995884773662552	0.0205761316872428
0.02880658436213992	0.8045267489711935	0.03909465020576132	0.12757201646090535
0.03292181069958848	0.7736625514403292	0.04526748971193416	0.14814814814814817
