>letter-probability matrix ZN136_HUMAN.H11MO.0.C: alength= 4 w= 24 nsites= 365
0.027397260273972605	0.09863013698630137	0.030136986301369864	0.8438356164383561
0.12054794520547946	0.038356164383561646	0.7534246575342466	0.08767123287671233
0.0410958904109589	0.8684931506849315	0.013698630136986302	0.07671232876712329
0.01643835616438356	0.049315068493150684	0.005479452054794521	0.9287671232876712
0.06575342465753424	0.008219178082191782	0.8767123287671234	0.049315068493150684
0.14520547945205478	0.0410958904109589	0.7863013698630137	0.027397260273972605
0.5616438356164384	0.024657534246575342	0.3835616438356165	0.030136986301369864
0.013698630136986302	0.13150684931506848	0.013698630136986302	0.8410958904109589
0.9232876712328767	0.010958904109589041	0.024657534246575342	0.0410958904109589
0.09315068493150686	0.273972602739726	0.01643835616438356	0.6164383561643836
0.9205479452054794	0.010958904109589041	0.06301369863013699	0.005479452054794521
0.1863013698630137	0.049315068493150684	0.7534246575342466	0.010958904109589041
0.4383561643835617	0.06027397260273973	0.052054794520547946	0.44931506849315067
0.9342465753424658	0.019178082191780823	0.03561643835616438	0.010958904109589041
0.021917808219178082	0.021917808219178082	0.013698630136986302	0.9424657534246575
0.021917808219178082	0.04657534246575343	0.038356164383561646	0.8931506849315068
0.027397260273972605	0.8246575342465754	0.019178082191780823	0.12876712328767123
0.027397260273972605	0.0410958904109589	0.03287671232876712	0.8986301369863013
0.13972602739726028	0.052054794520547946	0.15616438356164383	0.6520547945205479
0.14246575342465753	0.0027397260273972603	0.7945205479452055	0.06027397260273973
0.03287671232876712	0.013698630136986302	0.9342465753424658	0.019178082191780823
0.06027397260273973	0.22465753424657534	0.005479452054794521	0.7095890410958905
0.027397260273972605	0.024657534246575342	0.04657534246575343	0.9013698630136986
0.057534246575342465	0.01643835616438356	0.8794520547945206	0.04657534246575343
