>letter-probability matrix ZN134_HUMAN.H11MO.0.C: alength= 4 w= 22 nsites= 500
0.096	0.124	0.642	0.138
0.164	0.562	0.124	0.15000000000000002
0.222	0.526	0.156	0.096
0.158	0.11199999999999999	0.15	0.58
0.144	0.358	0.32	0.178
0.39649999999999996	0.1785	0.2965	0.1285
0.23849999999999996	0.38849999999999996	0.09849999999999999	0.2745
0.15050000000000002	0.6025	0.0825	0.1645
0.048499999999999995	0.2885	0.0465	0.6164999999999999
0.5205	0.3445	0.0685	0.0665
0.9325	0.0105	0.044500000000000005	0.0125
0.012499999999999999	0.028499999999999998	0.22249999999999998	0.7364999999999999
0.0085	0.9305	0.0305	0.0305
0.9425	0.0125	0.0345	0.0105
0.0105	0.0065000000000000014	0.9025	0.0805
0.048499999999999995	0.08449999999999999	0.42849999999999994	0.43849999999999995
0.056499999999999995	0.0765	0.18849999999999997	0.6785
0.1325	0.0105	0.8205	0.036500000000000005
0.7265	0.2025	0.0565	0.0145
0.5145000000000001	0.1065	0.1385	0.2405
0.036500000000000005	0.0805	0.8505	0.0325
0.11249999999999999	0.1325	0.7064999999999999	0.048499999999999995
