>letter-probability matrix ZN134_HUMAN.H11MO.1.C: alength= 4 w= 17 nsites= 500
0.428	0.202	0.228	0.14200000000000002
0.18999999999999997	0.37599999999999995	0.12199999999999998	0.312
0.066	0.652	0.114	0.168
0.036	0.302	0.064	0.598
0.51	0.328	0.08600000000000001	0.07600000000000001
0.9	0.02	0.056	0.024
0.029999999999999995	0.066	0.24999999999999997	0.6539999999999999
0.01	0.91	0.014	0.066
0.9400000000000001	0.026000000000000002	0.014	0.02
0.014	0.016	0.966	0.004
0.057999999999999996	0.036	0.4779999999999999	0.42799999999999994
0.041999999999999996	0.09399999999999999	0.18	0.6839999999999999
0.054	0.016	0.916	0.014
0.7220000000000001	0.202	0.064	0.012
0.502	0.14	0.17800000000000002	0.18000000000000002
0.052000000000000005	0.07	0.8260000000000001	0.052000000000000005
0.12599999999999997	0.148	0.6719999999999999	0.05399999999999999
