>letter-probability matrix ZN140_HUMAN.H11MO.0.C: alength= 4 w= 24 nsites= 450
0.16222222222222224	0.20222222222222222	0.1288888888888889	0.5066666666666667
0.5022222222222222	0.17555555555555558	0.17777777777777778	0.14444444444444446
0.1733333333333333	0.14444444444444443	0.15555555555555556	0.5266666666666666
0.17777777777777778	0.11555555555555555	0.5311111111111111	0.17555555555555558
0.5688888888888889	0.16444444444444445	0.13555555555555557	0.13111111111111112
0.10444444444444444	0.49111111111111105	0.10444444444444444	0.3
0.08666666666666667	0.5933333333333334	0.15555555555555556	0.16444444444444445
0.14444444444444446	0.6022222222222223	0.044444444444444446	0.2088888888888889
0.648888888888889	0.051111111111111114	0.06666666666666667	0.23333333333333334
0.08	0.017777777777777778	0.7844444444444445	0.11777777777777777
0.008888888888888889	0.96	0.011111111111111112	0.02
0.8333333333333334	0.09777777777777778	0.017777777777777778	0.051111111111111114
0.9177777777777778	0.017777777777777778	0.05333333333333334	0.011111111111111112
0.0044444444444444444	0.02	0.0022222222222222222	0.9733333333333334
0.008888888888888889	0.0044444444444444444	0.0044444444444444444	0.9822222222222222
0.011111111111111112	0.9755555555555555	0.0044444444444444444	0.008888888888888889
0.06888888888888889	0.6866666666666668	0.013333333333333334	0.2311111111111111
0.4688888888888889	0.022222222222222223	0.5	0.008888888888888889
0.022222222222222223	0.8555555555555556	0.04666666666666667	0.07555555555555556
0.013333333333333334	0.10444444444444445	0.011111111111111112	0.8711111111111112
0.0044444444444444444	0.9444444444444444	0.0022222222222222222	0.04888888888888889
0.1577777777777778	0.7111111111111111	0.015555555555555555	0.11555555555555555
0.1711111111111111	0.17555555555555555	0.08	0.5733333333333334
0.4666666666666667	0.1511111111111111	0.1288888888888889	0.25333333333333335
