>letter-probability matrix ZN143_HUMAN.H11MO.0.A: alength= 4 w= 22 nsites= 500
0.24199999999999997	0.05399999999999999	0.416	0.288
0.026000000000000002	0.038000000000000006	0.902	0.034
0.106	0.582	0.258	0.05399999999999999
0.48	0.376	0.052000000000000005	0.092
0.036	0.23799999999999996	0.047999999999999994	0.6779999999999999
0.046	0.18799999999999997	0.32	0.44599999999999995
0.1225	0.6965	0.1005	0.0805
0.0085	0.14450000000000002	0.0125	0.8345
0.0165	0.0065000000000000014	0.9665	0.0105
0.0125	0.0005	0.9805	0.0065000000000000014
0.0305	0.0025	0.9525	0.0145
0.8565	0.0205	0.0605	0.0625
0.44049999999999995	0.09449999999999999	0.3465	0.11849999999999998
0.3145	0.0945	0.1005	0.4905
0.0405	0.09649999999999999	0.0805	0.7825
0.0345	0.0405	0.9025	0.022500000000000003
0.0605	0.0265	0.1085	0.8045
0.8465	0.018500000000000003	0.0905	0.044500000000000005
0.044500000000000005	0.0385	0.9005	0.0165
0.0245	0.036500000000000005	0.07650000000000001	0.8625
0.0325	0.4205	0.06049999999999999	0.48649999999999993
0.05449999999999999	0.5005	0.0645	0.38049999999999995
