>letter-probability matrix ZN214_HUMAN.H11MO.0.C: alength= 4 w= 22 nsites= 264
0.25757575757575757	0.20454545454545456	0.11742424242424243	0.42045454545454547
0.20833333333333334	0.5454545454545454	0.09848484848484848	0.14772727272727273
0.3068181818181818	0.5113636363636364	0.10227272727272728	0.07954545454545454
0.30303030303030304	0.06060606060606061	0.030303030303030304	0.6060606060606061
0.007575757575757576	0.13257575757575757	0.06060606060606061	0.7992424242424242
0.03787878787878788	0.25757575757575757	0.20075757575757575	0.5037878787878788
0.08712121212121213	0.32954545454545453	0.06439393939393939	0.5189393939393939
0.022727272727272728	0.0946969696969697	0.2537878787878788	0.6287878787878788
0.38636363636363635	0.056818181818181816	0.5075757575757576	0.04924242424242424
0.5	0.01893939393939394	0.2196969696969697	0.26136363636363635
0.026515151515151516	0.011363636363636364	0.6515151515151515	0.3106060606060606
0.03787878787878788	0.42424242424242425	0.4962121212121212	0.041666666666666664
0.2916666666666667	0.5492424242424242	0.10227272727272728	0.056818181818181816
0.3446969696969697	0.35984848484848486	0.030303030303030304	0.26515151515151514
0.10227272727272728	0.2727272727272727	0.17803030303030304	0.44696969696969696
0.030303030303030304	0.07575757575757576	0.06060606060606061	0.8333333333333334
0.007575757575757576	0.2803030303030303	0.05303030303030303	0.6590909090909091
0.1553030303030303	0.16666666666666666	0.6553030303030303	0.022727272727272728
0.8143939393939394	0.07196969696969698	0.045454545454545456	0.06818181818181818
0.05303030303030303	0.030303030303030304	0.10984848484848485	0.8068181818181818
0.09848484848484848	0.07575757575757576	0.6401515151515151	0.1856060606060606
0.6325757575757576	0.12878787878787878	0.06818181818181818	0.17045454545454544
