>letter-probability matrix ZN250_HUMAN.H11MO.0.C: alength= 4 w= 20 nsites= 360
0.016666666666666666	0.05	0.03611111111111111	0.8972222222222223
0.7861111111111111	0.002777777777777778	0.18611111111111112	0.025
0.02777777777777778	0.9416666666666667	0.005555555555555556	0.025
0.0	0.9833333333333333	0.002777777777777778	0.01388888888888889
0.9472222222222222	0.002777777777777778	0.02777777777777778	0.022222222222222223
0.005555555555555556	0.22222222222222224	0.011111111111111112	0.7611111111111112
0.41944444444444445	0.002777777777777778	0.5694444444444444	0.008333333333333335
0.002777777777777778	0.9416666666666667	0.002777777777777778	0.05277777777777778
0.022222222222222223	0.01388888888888889	0.01388888888888889	0.95
0.03888888888888889	0.008333333333333335	0.95	0.002777777777777778
0.002777777777777778	0.02777777777777778	0.002777777777777778	0.9666666666666667
0.005555555555555556	0.02777777777777778	0.008333333333333335	0.9583333333333334
0.005555555555555556	0.02777777777777778	0.0	0.9666666666666667
0.005555555555555556	0.008333333333333335	0.02777777777777778	0.9583333333333334
0.06666666666666667	0.01388888888888889	0.9111111111111111	0.008333333333333335
0.5222222222222223	0.016666666666666666	0.4138888888888889	0.04722222222222223
0.005555555555555556	0.02777777777777778	0.0	0.9666666666666667
0.030555555555555555	0.03333333333333333	0.06388888888888888	0.8722222222222222
0.9555555555555556	0.019444444444444445	0.011111111111111112	0.01388888888888889
0.005555555555555556	0.8722222222222222	0.02777777777777778	0.09444444444444446
