>letter-probability matrix ZN260_HUMAN.H11MO.0.C: alength= 4 w= 24 nsites= 443
0.08182844243792325	0.038939051918735895	0.01636568848758465	0.8628668171557562
0.034424379232505645	0.027652370203160272	0.03668171557562077	0.9012415349887133
0.025395033860045147	0.025395033860045147	0.061512415349887134	0.8876975169300226
0.34367945823927765	0.06376975169300225	0.1427765237020316	0.4497742663656885
0.061512415349887134	0.25112866817155755	0.113431151241535	0.5739277652370203
0.8967268623024831	0.03216704288939052	0.025395033860045147	0.045711060948081264
0.009593679458239279	0.2601580135440181	0.014108352144469526	0.7161399548532732
0.21501128668171557	0.014108352144469526	0.5897291196388262	0.1811512415349887
0.095372460496614	0.009593679458239279	0.8831828442437923	0.011851015801354402
0.000564334085778781	0.6890519187358916	0.005079006772009029	0.30530474040632055
0.0208803611738149	0.023137697516930025	0.0073363431151241545	0.948645598194131
0.025395033860045147	0.12020316027088036	0.8267494356659142	0.027652370203160272
0.13769751693002258	0.7042889390519188	0.004514672686230249	0.15349887133182846
0.7855530474040633	0.013544018058690745	0.19638826185101582	0.004514672686230249
0.0	0.013544018058690745	0.004514672686230249	0.981941309255079
0.8329571106094809	0.004514672686230249	0.03611738148984199	0.12641083521444696
0.13544018058690743	0.1896162528216704	0.6568848758465011	0.01805869074492099
0.011286681715575621	0.02031602708803612	0.05869074492099323	0.909706546275395
0.9593679458239278	0.0	0.018058690744920995	0.022573363431151242
0.004514672686230249	0.11738148984198646	0.01580135440180587	0.8623024830699775
0.006772009029345373	0.004514672686230249	0.0022573363431151244	0.9864559819413092
0.0	0.9503386004514672	0.0	0.049661399548532735
0.02031602708803612	0.943566591422122	0.0022573363431151244	0.033860045146726865
0.8397291196388262	0.049661399548532735	0.045146726862302484	0.0654627539503386
