>letter-probability matrix ZN264_HUMAN.H11MO.0.C: alength= 4 w= 24 nsites= 500
0.096	0.29800000000000004	0.108	0.498
0.23199999999999998	0.35	0.08199999999999999	0.33599999999999997
0.10799999999999998	0.15	0.09	0.6519999999999999
0.06199999999999999	0.286	0.16999999999999998	0.48199999999999993
0.506	0.18000000000000002	0.196	0.11800000000000001
0.29	0.154	0.11199999999999999	0.44399999999999995
0.7180000000000001	0.122	0.10200000000000001	0.058
0.67	0.044000000000000004	0.07600000000000001	0.21
0.14400000000000002	0.028	0.782	0.046
0.032	0.02	0.878	0.07
0.292	0.142	0.548	0.018
0.14400000000000002	0.8180000000000001	0.026000000000000002	0.012
0.678	0.042	0.078	0.202
0.006000000000000001	0.808	0.154	0.032
0.072	0.09799999999999999	0.21	0.62
0.774	0.064	0.106	0.056
0.8280000000000001	0.08600000000000001	0.03	0.056
0.014	0.164	0.038000000000000006	0.784
0.032	0.6040000000000001	0.18000000000000002	0.184
0.116	0.556	0.166	0.162
0.228	0.522	0.05	0.2
0.654	0.136	0.09000000000000001	0.12
0.049999999999999996	0.19999999999999998	0.106	0.644
0.076	0.39399999999999996	0.08399999999999999	0.44599999999999995
