>letter-probability matrix ZN263_HUMAN.H11MO.0.A: alength= 4 w= 20 nsites= 499
0.20240480961923848	0.034068136272545096	0.7114228456913828	0.05210420841683367
0.02404809619238477	0.020040080160320644	0.9198396793587175	0.036072144288577156
0.018036072144288578	0.022044088176352707	0.9579158316633266	0.0020040080160320644
0.9839679358717435	0.014028056112224449	0.0	0.0020040080160320644
0.04809619238476954	0.0020040080160320644	0.9098196392785571	0.04008016032064129
0.026052104208416835	0.11022044088176353	0.8476953907815632	0.016032064128256515
0.9378757515030061	0.008016032064128258	0.04609218436873748	0.008016032064128258
0.10420841683366733	0.21042084168336672	0.6352705410821643	0.0501002004008016
0.04408817635270541	0.16633266533066132	0.6292585170340682	0.16032064128256515
0.3426853707414829	0.16032064128256512	0.4248496993987976	0.07214428857715431
0.4168336673346693	0.1503006012024048	0.34068136272545085	0.09218436873747494
0.11022044088176353	0.11422845691382766	0.717434869739479	0.05811623246492986
0.4128256513026052	0.11022044088176351	0.39078156312625245	0.08617234468937875
0.23246492985971942	0.10821643286573145	0.5911823647294588	0.06813627254509018
0.18837675350701402	0.09218436873747494	0.6212424849699398	0.09819639278557113
0.42084168336673344	0.11422845691382764	0.3807615230460922	0.0841683366733467
0.2224448897795591	0.12625250501002003	0.5531062124248497	0.09819639278557113
0.17635270541082163	0.13627254509018036	0.5691382765531062	0.11823647294589178
0.438877755511022	0.10420841683366733	0.35270541082164325	0.10420841683366733
0.28857715430861725	0.12024048096192383	0.5250501002004008	0.06613226452905811
