>letter-probability matrix ZN274_HUMAN.H11MO.0.A: alength= 4 w= 20 nsites= 500
0.058	0.8140000000000001	0.07	0.058
0.858	0.052000000000000005	0.034	0.056
0.034	0.286	0.12599999999999997	0.5539999999999999
0.748	0.14600000000000002	0.054	0.052000000000000005
0.212	0.646	0.098	0.044000000000000004
0.22399999999999998	0.013999999999999999	0.029999999999999995	0.732
0.044000000000000004	0.084	0.808	0.064
0.092	0.026000000000000002	0.852	0.03
0.77	0.022000000000000002	0.092	0.116
0.258	0.064	0.6579999999999999	0.02
0.762	0.026000000000000002	0.038000000000000006	0.17400000000000002
0.14400000000000002	0.044000000000000004	0.788	0.024
0.748	0.048	0.198	0.006000000000000001
0.866	0.046	0.066	0.022000000000000002
0.786	0.036000000000000004	0.134	0.044000000000000004
0.08	0.638	0.044000000000000004	0.238
0.042	0.746	0.128	0.084
0.138	0.454	0.182	0.226
0.22799999999999998	0.074	0.044	0.6539999999999999
0.808	0.07400000000000001	0.082	0.036000000000000004
