>letter-probability matrix ZN281_HUMAN.H11MO.0.A: alength= 4 w= 15 nsites= 482
0.23029045643153528	0.17842323651452283	0.45850622406639	0.13278008298755187
0.20331950207468877	0.0892116182572614	0.6037344398340249	0.10373443983402489
0.17012448132780084	0.18049792531120332	0.508298755186722	0.14107883817427389
0.27800829875518673	0.07676348547717841	0.17427385892116182	0.47095435684647297
0.012448132780082988	0.008298755186721992	0.9688796680497925	0.010373443983402491
0.004149377593360996	0.004149377593360996	0.975103734439834	0.016597510373443983
0.08091286307053942	0.016597510373443983	0.8962655601659751	0.006224066390041495
0.010373443983402491	0.004149377593360996	0.979253112033195	0.006224066390041495
0.026970954356846474	0.004149377593360996	0.9647302904564315	0.004149377593360996
0.7614107883817428	0.10995850622406639	0.002074688796680498	0.12655601659751037
0.12863070539419086	0.002074688796680498	0.7406639004149378	0.12863070539419086
0.010373443983402491	0.0	0.979253112033195	0.010373443983402491
0.03526970954356847	0.006224066390041495	0.941908713692946	0.016597510373443983
0.08506224066390042	0.016597510373443983	0.8734439834024896	0.024896265560165977
0.38796680497925307	0.24896265560165973	0.2717842323651452	0.0912863070539419
