>letter-probability matrix ZN317_HUMAN.H11MO.0.C: alength= 4 w= 20 nsites= 455
0.17582417582417584	0.04395604395604396	0.7428571428571429	0.03736263736263737
0.7494505494505495	0.04835164835164835	0.15164835164835166	0.05054945054945055
0.389010989010989	0.22637362637362637	0.10989010989010989	0.27472527472527475
0.17142857142857143	0.05934065934065933	0.12747252747252746	0.6417582417582417
0.30329670329670333	0.03076923076923077	0.5296703296703297	0.13626373626373625
0.8153846153846154	0.06593406593406594	0.06373626373626373	0.054945054945054944
0.01098901098901099	0.9142857142857143	0.013186813186813187	0.06153846153846154
0.7692307692307693	0.02197802197802198	0.07472527472527474	0.13406593406593406
0.15384615384615385	0.02197802197802198	0.7802197802197802	0.04395604395604396
0.13186813186813187	0.789010989010989	0.026373626373626374	0.05274725274725275
0.410989010989011	0.04175824175824176	0.04175824175824176	0.5054945054945055
0.07692307692307693	0.006593406593406594	0.8989010989010989	0.017582417582417582
0.9494505494505494	0.013186813186813187	0.019780219780219783	0.017582417582417582
0.030769230769230764	0.6439560439560439	0.01978021978021978	0.30549450549450546
0.12967032967032968	0.05274725274725275	0.03296703296703297	0.7846153846153846
0.10769230769230768	0.0923076923076923	0.07032967032967033	0.7296703296703296
0.11648351648351649	0.5736263736263737	0.04175824175824176	0.2681318681318681
0.06593406593406592	0.10549450549450548	0.0879120879120879	0.7406593406593406
0.0967032967032967	0.589010989010989	0.12967032967032968	0.18461538461538463
0.6879120879120879	0.1032967032967033	0.10989010989010989	0.09890109890109891
