>letter-probability matrix ZN322_HUMAN.H11MO.0.B: alength= 4 w= 20 nsites= 465
0.12043010752688173	0.0989247311827957	0.7161290322580646	0.06451612903225806
0.47311827956989244	0.08602150537634408	0.16559139784946236	0.2752688172043011
0.08602150537634409	0.053763440860215055	0.7354838709677419	0.12473118279569892
0.15913978494623657	0.6408602150537634	0.04516129032258065	0.15483870967741936
0.04516129032258065	0.9032258064516129	0.012903225806451613	0.03870967741935484
0.06881720430107527	0.0946236559139785	0.04086021505376344	0.7956989247311829
0.2946236559139785	0.04516129032258064	0.6236559139784946	0.03655913978494624
0.0881720430107527	0.34408602150537637	0.46881720430107526	0.0989247311827957
0.09247311827956989	0.1333333333333333	0.10322580645161289	0.6709677419354838
0.7526881720430108	0.14623655913978495	0.03870967741935484	0.06236559139784946
0.006451612903225807	0.9849462365591398	0.006451612903225807	0.002150537634408602
0.44301075268817197	0.07526881720430108	0.16559139784946236	0.3161290322580645
0.012903225806451611	0.36344086021505373	0.6	0.023655913978494623
0.4473118279569892	0.08817204301075268	0.09462365591397849	0.36989247311827955
0.030107526881720432	0.015053763440860216	0.9032258064516129	0.05161290322580645
0.04946236559139785	0.8258064516129032	0.04731182795698925	0.07741935483870968
0.0903225806451613	0.756989247311828	0.03870967741935484	0.11397849462365592
0.10537634408602149	0.08817204301075268	0.15268817204301074	0.653763440860215
0.07956989247311828	0.12688172043010754	0.6817204301075269	0.11182795698924732
0.2752688172043011	0.18064516129032257	0.40215053763440856	0.14193548387096774
