>letter-probability matrix ZN320_HUMAN.H11MO.0.C: alength= 4 w= 20 nsites= 461
0.06290672451193059	0.04338394793926247	0.7830802603036877	0.11062906724511931
0.039045553145336226	0.019522776572668113	0.40997830802603036	0.5314533622559653
0.08893709327548807	0.039045553145336226	0.7787418655097614	0.09327548806941433
0.019522776572668113	0.010845986984815618	0.9566160520607375	0.013015184381778741
0.01735357917570499	0.015184381778741866	0.9544468546637744	0.013015184381778741
0.3752711496746204	0.026030368763557483	0.32321041214750545	0.2754880694143167
0.0911062906724512	0.6117136659436009	0.1279826464208243	0.16919739696312366
0.11062906724511931	0.7700650759219089	0.052060737527114966	0.06724511930585683
0.5010845986984815	0.2993492407809111	0.049891540130151846	0.14967462039045554
0.24511930585683298	0.02386117136659436	0.6203904555314534	0.11062906724511931
0.08676789587852494	0.010845986984815618	0.754880694143167	0.14750542299349242
0.015184381778741866	0.0021691973969631237	0.9696312364425163	0.013015184381778741
0.028199566160520606	0.004338394793926247	0.9674620390455532	0.0
0.04338394793926247	0.028199566160520606	0.9067245119305857	0.021691973969631236
0.27114967462039047	0.7114967462039046	0.008676789587852495	0.008676789587852495
0.2863340563991323	0.5900216919739696	0.04555314533622559	0.07809110629067245
0.45986984815618215	0.052060737527114966	0.15184381778741865	0.33622559652928413
0.38611713665943603	0.05639913232104121	0.43817787418655096	0.1193058568329718
0.06941431670281996	0.2212581344902386	0.13449023861171364	0.5748373101952278
0.09978308026030369	0.05422993492407809	0.737527114967462	0.10845986984815618
