>letter-probability matrix ZN329_HUMAN.H11MO.0.C: alength= 4 w= 20 nsites= 361
0.013850415512465374	0.9778393351800554	0.00554016620498615	0.002770083102493075
0.013850415512465374	0.08033240997229917	0.002770083102493075	0.9030470914127424
0.09418282548476455	0.0	0.7673130193905817	0.13850415512465375
0.0110803324099723	0.002770083102493075	0.9861495844875346	0.0
0.9445983379501385	0.00554016620498615	0.030470914127423823	0.019390581717451522
0.019390581717451522	0.0110803324099723	0.060941828254847646	0.9085872576177285
0.038781163434903045	0.8808864265927978	0.052631578947368425	0.027700831024930747
0.32963988919667586	0.5983379501385041	0.024930747922437674	0.04709141274238227
0.8781163434903048	0.05817174515235457	0.03601108033240997	0.027700831024930747
0.14681440443213295	0.06925207756232687	0.7506925207756233	0.0332409972299169
0.00554016620498615	0.9750692520775623	0.002770083102493075	0.01662049861495845
0.024930747922437674	0.6454293628808864	0.013850415512465374	0.3157894736842105
0.5290858725761772	0.0886426592797784	0.2659279778393352	0.11634349030470914
0.06371191135734072	0.14404432132963987	0.06925207756232687	0.7229916897506926
0.37396121883656513	0.024930747922437674	0.48476454293628807	0.11634349030470914
0.019390581717451522	0.9556786703601108	0.002770083102493075	0.0221606648199446
0.00554016620498615	0.9833795013850416	0.002770083102493075	0.008310249307479225
0.0	0.002770083102493075	0.002770083102493075	0.9944598337950139
0.0110803324099723	0.008310249307479225	0.9806094182825484	0.0
0.9085872576177285	0.07479224376731301	0.0110803324099723	0.00554016620498615
