>letter-probability matrix ZN331_HUMAN.H11MO.0.C: alength= 4 w= 20 nsites= 458
0.07860262008733625	0.015283842794759825	0.868995633187773	0.03711790393013101
0.2947598253275109	0.05240174672489083	0.6135371179039301	0.039301310043668124
0.10698689956331878	0.7510917030567686	0.015283842794759825	0.12663755458515283
0.31222707423580787	0.008733624454148471	0.04148471615720524	0.6375545851528384
0.07205240174672489	0.01091703056768559	0.888646288209607	0.028384279475982533
0.05021834061135371	0.0021834061135371182	0.87117903930131	0.07641921397379914
0.013100436681222708	0.0	0.980349344978166	0.006550218340611355
0.03275109170305677	0.8777292576419214	0.0	0.08951965065502183
0.006550218340611355	0.015283842794759825	0.0	0.9781659388646288
0.013100436681222708	0.9213973799126638	0.01091703056768559	0.05458515283842795
0.8384279475982533	0.013100436681222708	0.024017467248908297	0.12445414847161572
0.0043668122270742364	0.0043668122270742364	0.982532751091703	0.008733624454148473
0.015283842794759825	0.9082969432314411	0.006550218340611355	0.06986899563318778
0.21834061135371177	0.06550218340611352	0.030567685589519646	0.685589519650655
0.1462882096069869	0.0021834061135371182	0.8165938864628821	0.03493449781659389
0.06331877729257641	0.015283842794759825	0.8777292576419214	0.04366812227074236
0.1331877729257642	0.052401746724890834	0.7379912663755459	0.07641921397379914
0.15502183406113537	0.2576419213973799	0.056768558951965066	0.5305676855895196
0.12882096069868995	0.04585152838427948	0.7227074235807861	0.10262008733624454
0.11790393013100436	0.03711790393013101	0.814410480349345	0.03056768558951965
