>letter-probability matrix ZN335_HUMAN.H11MO.0.A: alength= 4 w= 22 nsites= 103
0.2912621359223301	0.019417475728155338	0.5825242718446602	0.10679611650485436
0.05825242718446602	0.07766990291262135	0.7572815533980582	0.10679611650485436
0.07766990291262135	0.6213592233009708	0.1650485436893204	0.13592233009708737
0.019417475728155338	0.21359223300970873	0.019417475728155338	0.7475728155339806
0.009708737864077669	0.038834951456310676	0.8446601941747572	0.10679611650485436
0.04854368932038835	0.33980582524271846	0.0970873786407767	0.5145631067961165
0.009708737864077669	0.912621359223301	0.02912621359223301	0.04854368932038835
0.009708737864077669	0.5825242718446602	0.019417475728155338	0.3883495145631068
0.1941747572815534	0.18446601941747573	0.2912621359223301	0.3300970873786408
0.14563106796116504	0.34951456310679613	0.22330097087378642	0.2815533980582524
0.27184466019417475	0.21359223300970873	0.34951456310679613	0.1650485436893204
0.10679611650485436	0.27184466019417475	0.49514563106796117	0.1262135922330097
0.23300970873786409	0.5436893203883495	0.05825242718446602	0.1650485436893204
0.18446601941747573	0.07766990291262135	0.47572815533980584	0.2621359223300971
0.27184466019417475	0.44660194174757284	0.1553398058252427	0.1262135922330097
0.02912621359223301	0.13592233009708737	0.0	0.8349514563106796
0.019417475728155338	0.038834951456310676	0.8155339805825242	0.1262135922330097
0.019417475728155338	0.8737864077669902	0.009708737864077669	0.0970873786407767
0.038834951456310676	0.9223300970873787	0.0	0.038834951456310676
0.038834951456310676	0.04854368932038835	0.04854368932038835	0.8640776699029126
0.0970873786407767	0.10679611650485436	0.6990291262135923	0.0970873786407767
0.47572815533980584	0.1553398058252427	0.038834951456310676	0.3300970873786408
