>letter-probability matrix ZN341_HUMAN.H11MO.0.C: alength= 4 w= 22 nsites= 499
0.2064128256513026	0.13627254509018036	0.5130260521042084	0.14428857715430862
0.2865731462925852	0.16432865731462926	0.4729458917835671	0.07615230460921843
0.22044088176352702	0.13026052104208416	0.5551102204408818	0.09418837675350701
0.2384769539078156	0.13026052104208416	0.5731462925851704	0.058116232464929855
0.2905811623246493	0.156312625250501	0.4869739478957915	0.06613226452905811
0.2865731462925852	0.07414829659318636	0.5531062124248497	0.08617234468937875
0.2605210420841683	0.2284569138276553	0.4769539078156312	0.03406813627254509
0.3527054108216433	0.07414829659318638	0.4709418837675351	0.10220440881763528
0.22444889779559116	0.09418837675350701	0.5871743486973948	0.09418837675350701
0.23046092184368738	0.16032064128256515	0.47494989979959923	0.13426853707414832
0.3166332665330661	0.060120240480961915	0.5470941883767535	0.07615230460921843
0.2164328657314629	0.15230460921843686	0.595190380761523	0.036072144288577156
0.406813627254509	0.13226452905811623	0.28256513026052105	0.1783567134268537
0.2865731462925852	0.04008016032064128	0.5250501002004008	0.14829659318637273
0.10420841683366734	0.014028056112224449	0.8537074148296593	0.028056112224448898
0.08016032064128258	0.06813627254509019	0.8096192384769539	0.04208416833667335
0.8597194388777555	0.04408817635270541	0.08817635270541083	0.008016032064128258
0.6993987975951903	0.01002004008016032	0.2845691382765531	0.006012024048096193
0.1002004008016032	0.32665330661322645	0.5470941883767535	0.026052104208416832
0.7835671342685371	0.028056112224448898	0.11222444889779559	0.07615230460921844
0.006012024048096193	0.028056112224448898	0.9438877755511023	0.022044088176352707
0.13627254509018039	0.7354709418837676	0.10821643286573146	0.020040080160320644
