>letter-probability matrix ZN350_HUMAN.H11MO.0.C: alength= 4 w= 18 nsites= 500
0.21	0.48	0.192	0.11800000000000001
0.5	0.044000000000000004	0.23	0.226
0.062	0.156	0.5660000000000001	0.216
0.086	0.356	0.158	0.39999999999999997
0.066	0.574	0.055999999999999994	0.304
0.047999999999999994	0.534	0.05399999999999999	0.364
0.076	0.13999999999999999	0.018	0.7659999999999999
0.002	0.018000000000000002	0.016	0.964
0.006000000000000001	0.028	0.018000000000000002	0.948
0.05	0.112	0.062	0.776
0.52	0.19	0.11800000000000001	0.17200000000000001
0.23199999999999998	0.036	0.076	0.6559999999999999
0.24399999999999997	0.064	0.43399999999999994	0.258
0.478	0.182	0.08600000000000001	0.254
0.048	0.682	0.106	0.164
0.04	0.67	0.056	0.234
0.322	0.19599999999999998	0.10999999999999999	0.372
0.428	0.132	0.242	0.198
