>letter-probability matrix ZN382_HUMAN.H11MO.0.C: alength= 4 w= 22 nsites= 478
0.1924686192468619	0.09205020920502091	0.6569037656903766	0.05857740585774058
0.0711297071129707	0.11297071129707112	0.0794979079497908	0.7364016736401673
0.4497907949790795	0.03765690376569038	0.3033472803347281	0.2092050209205021
0.16317991631799164	0.041841004184100423	0.696652719665272	0.09832635983263599
0.07112970711297072	0.056485355648535567	0.6610878661087867	0.2112970711297071
0.39539748953974896	0.08368200836820085	0.4665271966527197	0.05439330543933055
0.0690376569037657	0.1297071129707113	0.0502092050209205	0.7510460251046025
0.027196652719665274	0.8054393305439331	0.01673640167364017	0.1506276150627615
0.08577405857740585	0.06276150627615062	0.1422594142259414	0.7092050209205021
0.05439330543933055	0.04393305439330544	0.895397489539749	0.0062761506276150635
0.0062761506276150635	0.004184100418410042	0.012552301255230125	0.9769874476987448
0.6694560669456068	0.004184100418410042	0.1506276150627615	0.17573221757322177
0.06903765690376569	0.16527196652719664	0.700836820083682	0.06485355648535564
0.020920502092050212	0.02301255230125523	0.01673640167364017	0.9393305439330544
0.3744769874476987	0.014644351464435145	0.5439330543933054	0.06694560669456066
0.5920502092050209	0.11715481171548117	0.19246861924686193	0.09832635983263599
0.020920502092050212	0.04602510460251046	0.020920502092050212	0.9121338912133892
0.1192468619246862	0.020920502092050212	0.7071129707112971	0.15271966527196654
0.03556485355648535	0.17364016736401672	0.16108786610878661	0.6297071129707112
0.056485355648535567	0.8347280334728033	0.01673640167364017	0.09205020920502092
0.12343096234309622	0.29916317991631797	0.023012552301255228	0.5543933054393305
0.029288702928870293	0.8200836820083682	0.03138075313807531	0.1192468619246862
