>letter-probability matrix ZN394_HUMAN.H11MO.0.C: alength= 4 w= 20 nsites= 363
0.29752066115702486	0.25344352617079896	0.2837465564738292	0.16528925619834714
0.3746556473829202	0.1460055096418733	0.45454545454545453	0.02479338842975207
0.8429752066115702	0.011019283746556476	0.02479338842975207	0.12121212121212123
0.5674931129476584	0.03581267217630855	0.31404958677685957	0.08264462809917357
0.2920110192837466	0.06336088154269974	0.15702479338842978	0.48760330578512395
0.31680440771349866	0.0	0.5371900826446281	0.1460055096418733
0.15426997245179067	0.20110192837465568	0.6005509641873278	0.044077134986225903
0.6942148760330579	0.20936639118457304	0.019283746556473833	0.07713498622589533
0.6308539944903582	0.16804407713498626	0.07988980716253445	0.12121212121212123
0.2920110192837466	0.04683195592286502	0.21212121212121215	0.4490358126721763
0.31404958677685957	0.23140495867768598	0.27823691460055094	0.17630853994490361
0.17079889807162538	0.19283746556473833	0.4931129476584022	0.1432506887052342
0.6308539944903582	0.11019283746556476	0.044077134986225903	0.21487603305785127
0.5041322314049587	0.2754820936639119	0.060606060606060615	0.1597796143250689
0.39944903581267227	0.013774104683195594	0.07438016528925621	0.512396694214876
0.18181818181818185	0.02754820936639119	0.6418732782369146	0.14876033057851243
0.25619834710743805	0.06887052341597798	0.4903581267217631	0.18457300275482097
0.7713498622589532	0.060606060606060615	0.12672176308539948	0.041322314049586785
0.7575757575757576	0.02479338842975207	0.14049586776859507	0.07713498622589533
0.12672176308539948	0.10468319559228652	0.3305785123966943	0.4380165289256198
