>letter-probability matrix ZN418_HUMAN.H11MO.0.C: alength= 4 w= 17 nsites= 500
0.052000000000000005	0.012	0.042	0.894
0.038000000000000006	0.016	0.914	0.032
0.216	0.544	0.018000000000000002	0.222
0.026000000000000002	0.056	0.008	0.91
0.002	0.05	0.022000000000000002	0.926
0.032	0.44199999999999995	0.057999999999999996	0.46799999999999997
0.057999999999999996	0.286	0.022	0.634
0.582	0.018	0.356	0.044
0.018	0.034	0.634	0.314
0.01	0.6699999999999999	0.023999999999999997	0.296
0.01	0.5559999999999999	0.002	0.43199999999999994
0.21999999999999997	0.11999999999999998	0.13999999999999999	0.52
0.18000000000000002	0.646	0.11800000000000001	0.056
0.156	0.22799999999999998	0.011999999999999999	0.604
0.08	0.102	0.286	0.532
0.20600000000000002	0.376	0.238	0.18000000000000002
0.128	0.47000000000000003	0.164	0.238
