>letter-probability matrix ZN436_HUMAN.H11MO.0.C: alength= 4 w= 24 nsites= 485
0.0556701030927835	0.07835051546391752	0.11752577319587627	0.7484536082474226
0.020618556701030927	0.8556701030927836	0.03711340206185567	0.0865979381443299
0.5319587628865979	0.31752577319587627	0.026804123711340205	0.12371134020618556
0.3010309278350516	0.09690721649484536	0.465979381443299	0.13608247422680414
0.0865979381443299	0.018556701030927835	0.8701030927835052	0.024742268041237116
0.024742268041237116	0.002061855670103093	0.9690721649484536	0.004123711340206186
0.8494845360824742	0.04948453608247423	0.06597938144329897	0.03505154639175258
0.5154639175257731	0.012371134020618556	0.4577319587628865	0.014432989690721649
0.041237113402061855	0.00618556701030928	0.9484536082474226	0.004123711340206186
0.16701030927835053	0.05979381443298969	0.7546391752577319	0.018556701030927835
0.0	1.0	0.0	0.0
0.020618556701030927	0.024742268041237116	0.010309278350515464	0.9443298969072165
0.010309278350515464	0.05567010309278351	0.08453608247422681	0.8494845360824742
0.0	0.9814432989690721	0.002061855670103093	0.016494845360824743
0.07216494845360825	0.843298969072165	0.010309278350515464	0.07422680412371134
0.032989690721649485	0.10515463917525773	0.016494845360824743	0.845360824742268
0.053608247422680416	0.0	0.9216494845360825	0.024742268041237116
0.03505154639175258	0.01443298969072165	0.9257731958762887	0.024742268041237116
0.9525773195876289	0.004123711340206186	0.016494845360824743	0.026804123711340208
0.11752577319587629	0.0	0.8824742268041237	0.0
0.010309278350515464	0.002061855670103093	0.9855670103092784	0.002061855670103093
0.911340206185567	0.03505154639175258	0.012371134020618558	0.041237113402061855
0.15876288659793816	0.0	0.8412371134020619	0.0
0.0288659793814433	0.002061855670103093	0.9567010309278351	0.012371134020618558
