>letter-probability matrix ZN467_HUMAN.H11MO.0.C: alength= 4 w= 22 nsites= 499
0.29659318637274545	0.02404809619238477	0.6492985971943888	0.030060120240480957
0.09819639278557114	0.004008016032064129	0.8496993987975953	0.04809619238476954
0.05410821643286573	0.022044088176352707	0.9158316633266533	0.008016032064128258
0.0020040080160320644	0.018036072144288578	0.9759519038076152	0.004008016032064129
0.9498997995991985	0.02404809619238477	0.004008016032064129	0.022044088176352707
0.18436873747494992	0.008016032064128258	0.7915831663326653	0.016032064128256515
0.03206412825651303	0.018036072144288578	0.9298597194388778	0.020040080160320644
0.2985971943887775	0.01603206412825651	0.6713426853707415	0.014028056112224447
0.1783567134268537	0.06412825651302605	0.7334669338677354	0.02404809619238477
0.4168336673346693	0.10420841683366733	0.40881763527054105	0.07014028056112225
0.4108216432865731	0.1222444889779559	0.42084168336673344	0.04609218436873747
0.2925851703406814	0.07214428857715431	0.5911823647294588	0.044088176352705406
0.2444889779559118	0.07615230460921843	0.6452905811623246	0.03406813627254509
0.3607214428857715	0.052104208416833664	0.5350701402805611	0.052104208416833664
0.2845691382765531	0.05611222444889779	0.6212424849699398	0.038076152304609215
0.2905811623246493	0.06212424849699398	0.5791583166332666	0.06813627254509018
0.3567134268537074	0.04809619238476954	0.5290581162324649	0.06613226452905811
0.250501002004008	0.06613226452905811	0.6412825651302605	0.04208416833667335
0.2605210420841683	0.08016032064128256	0.6332665330661322	0.026052104208416832
0.3246492985971944	0.06212424849699398	0.5751503006012024	0.038076152304609215
0.3547094188376753	0.0841683366733467	0.5150300601202404	0.04609218436873747
0.28857715430861725	0.10420841683366733	0.5410821643286573	0.06613226452905811
