>letter-probability matrix ZN490_HUMAN.H11MO.0.C: alength= 4 w= 24 nsites= 430
0.03488372093023256	0.05581395348837209	0.030232558139534883	0.8790697674418605
0.15116279069767444	0.0186046511627907	0.7744186046511629	0.05581395348837209
0.33953488372093027	0.011627906976744186	0.4046511627906977	0.2441860465116279
0.04186046511627907	0.011627906976744186	0.9372093023255814	0.00930232558139535
0.004651162790697675	0.01627906976744186	0.030232558139534883	0.9488372093023256
0.018604651162790697	0.6302325581395348	0.009302325581395349	0.34186046511627904
0.0023255813953488376	0.00930232558139535	0.004651162790697675	0.9837209302325581
0.006976744186046512	0.9883720930232558	0.004651162790697675	0.0
0.0023255813953488376	0.05116279069767442	0.0	0.9465116279069767
0.0023255813953488376	0.006976744186046512	0.013953488372093023	0.9767441860465116
0.00930232558139535	0.004651162790697675	0.9813953488372094	0.004651162790697675
0.49534883720930234	0.02558139534883721	0.011627906976744186	0.46744186046511627
0.9674418604651163	0.004651162790697675	0.0186046511627907	0.00930232558139535
0.09302325581395349	0.00930232558139535	0.8488372093023256	0.04883720930232558
0.48604651162790696	0.0023255813953488376	0.5093023255813953	0.0023255813953488376
0.004651162790697675	0.9953488372093023	0.0	0.0
0.9953488372093023	0.0	0.004651162790697675	0.0
0.21627906976744188	0.0	0.7837209302325582	0.0
0.004651162790697675	0.9930232558139535	0.0023255813953488376	0.0
1.0	0.0	0.0	0.0
0.046511627906976744	0.07906976744186048	0.29534883720930233	0.5790697674418605
0.9720930232558139	0.0023255813953488376	0.023255813953488372	0.0023255813953488376
0.046511627906976744	0.4232558139534884	0.006976744186046512	0.5232558139534884
0.3674418604651163	0.5302325581395348	0.0186046511627907	0.08372093023255814
