>letter-probability matrix ZN502_HUMAN.H11MO.0.C: alength= 4 w= 20 nsites= 144
0.0763888888888889	0.027777777777777776	0.8888888888888888	0.006944444444444444
0.9375	0.041666666666666664	0.006944444444444444	0.013888888888888888
0.9166666666666666	0.013888888888888888	0.027777777777777776	0.041666666666666664
0.027777777777777776	0.0625	0.006944444444444444	0.9027777777777778
0.020833333333333332	0.0	0.9722222222222222	0.006944444444444444
0.034722222222222224	0.04861111111111111	0.9097222222222222	0.006944444444444444
0.9583333333333334	0.0	0.013888888888888888	0.027777777777777776
0.7708333333333334	0.2152777777777778	0.013888888888888888	0.0
0.0625	0.034722222222222224	0.0	0.9027777777777778
0.020833333333333332	0.4791666666666667	0.4375	0.0625
0.0763888888888889	0.027777777777777776	0.8611111111111112	0.034722222222222224
0.9166666666666666	0.013888888888888888	0.006944444444444444	0.0625
0.9236111111111112	0.006944444444444444	0.0625	0.006944444444444444
0.013888888888888888	0.0763888888888889	0.013888888888888888	0.8958333333333334
0.1111111111111111	0.0	0.8819444444444444	0.006944444444444444
0.013888888888888888	0.013888888888888888	0.9652777777777778	0.006944444444444444
0.9583333333333334	0.006944444444444444	0.0	0.034722222222222224
0.9791666666666666	0.0	0.013888888888888888	0.006944444444444444
0.027777777777777776	0.020833333333333332	0.041666666666666664	0.9097222222222222
0.041666666666666664	0.6388888888888888	0.2847222222222222	0.034722222222222224
