>letter-probability matrix ZN528_HUMAN.H11MO.0.C: alength= 4 w= 20 nsites= 371
0.20485175202156336	0.4716981132075472	0.16172506738544473	0.16172506738544473
0.20485175202156336	0.4393530997304582	0.17789757412398924	0.17789757412398924
0.2776280323450135	0.4555256064690027	0.1536388140161725	0.11320754716981132
0.7142857142857143	0.05390835579514825	0.1752021563342318	0.05660377358490566
0.16711590296495957	0.026954177897574125	0.7304582210242588	0.07547169811320754
0.04582210242587601	0.0026954177897574125	0.9487870619946092	0.0026954177897574125
0.05929919137466307	0.0026954177897574125	0.9380053908355795	0.0
0.9730458221024259	0.013477088948787063	0.008086253369272238	0.005390835579514825
0.9137466307277629	0.013477088948787063	0.0646900269541779	0.008086253369272238
0.0026954177897574125	0.005390835579514825	0.9703504043126685	0.0215633423180593
0.04582210242587601	0.5363881401617251	0.07816711590296496	0.33962264150943394
0.14555256064690025	0.8355795148247979	0.008086253369272238	0.01078167115902965
0.8867924528301887	0.026954177897574125	0.0646900269541779	0.0215633423180593
0.0215633423180593	0.14555256064690025	0.0215633423180593	0.8113207547169812
0.0215633423180593	0.1293800539083558	0.0215633423180593	0.8274932614555256
0.005390835579514825	0.1509433962264151	0.14555256064690025	0.6981132075471699
0.01078167115902965	0.9514824797843666	0.005390835579514825	0.03234501347708895
0.03504043126684636	0.1752021563342318	0.016172506738544475	0.7735849056603774
0.09164420485175202	0.2722371967654986	0.46630727762803237	0.16981132075471697
0.5309973045822103	0.1320754716981132	0.16442048517520216	0.1725067385444744
