>letter-probability matrix ZN547_HUMAN.H11MO.0.C: alength= 4 w= 20 nsites= 405
0.14074074074074075	0.11851851851851852	0.1259259259259259	0.6148148148148148
0.06666666666666667	0.09876543209876544	0.7604938271604939	0.07407407407407407
0.037037037037037035	0.8518518518518519	0.002469135802469136	0.10864197530864197
0.2716049382716049	0.08148148148148149	0.08148148148148149	0.5654320987654321
0.7012345679012346	0.1654320987654321	0.09382716049382717	0.03950617283950618
0.9111111111111111	0.02962962962962963	0.044444444444444446	0.014814814814814815
0.15061728395061727	0.21975308641975308	0.0345679012345679	0.5950617283950617
0.004938271604938272	0.05432098765432099	0.5604938271604938	0.3802469135802469
0.002469135802469136	0.9876543209876544	0.002469135802469136	0.0074074074074074086
0.4098765432098765	0.16296296296296295	0.06419753086419752	0.36296296296296293
0.254320987654321	0.027160493827160494	0.6592592592592593	0.05925925925925926
0.014814814814814815	0.9135802469135803	0.01975308641975309	0.05185185185185185
0.7876543209876543	0.0962962962962963	0.014814814814814815	0.10123456790123457
0.32592592592592595	0.10123456790123457	0.5209876543209877	0.05185185185185185
0.2271604938271605	0.07407407407407407	0.6024691358024691	0.0962962962962963
0.10617283950617284	0.8049382716049382	0.0345679012345679	0.05432098765432099
0.6271604938271604	0.08148148148148149	0.18271604938271607	0.10864197530864197
0.15555555555555553	0.23950617283950615	0.2024691358024691	0.40246913580246907
0.4320987654320988	0.06419753086419754	0.3925925925925926	0.11111111111111112
0.04938271604938272	0.8049382716049382	0.08148148148148149	0.06419753086419754
