>letter-probability matrix ZN549_HUMAN.H11MO.0.C: alength= 4 w= 20 nsites= 500
0.5785	0.06049999999999999	0.06249999999999999	0.2985
0.1345	0.11849999999999998	0.19049999999999997	0.5565
0.05449999999999999	0.1345	0.0665	0.7444999999999999
0.044500000000000005	0.7345	0.0145	0.20650000000000002
0.9565	0.0105	0.0125	0.0205
0.0725	0.034499999999999996	0.2365	0.6565
0.0585	0.1825	0.6165	0.14250000000000002
0.6225	0.1245	0.17650000000000002	0.07650000000000001
0.7225	0.0325	0.18050000000000002	0.0645
0.1045	0.33649999999999997	0.034499999999999996	0.5245
0.18849999999999997	0.23849999999999996	0.034499999999999996	0.5385
0.1825	0.0025	0.7845	0.0305
0.0245	0.0125	0.9505	0.0125
0.1505	0.0745	0.7645	0.010499999999999999
0.0545	0.9245	0.0065000000000000014	0.0145
0.8405	0.0205	0.0525	0.08650000000000001
0.0265	0.07250000000000001	0.8845000000000001	0.0165
0.018000000000000002	0.84	0.098	0.044000000000000004
0.626	0.194	0.058	0.122
0.14	0.454	0.154	0.252
