>letter-probability matrix ZN554_HUMAN.H11MO.0.C: alength= 4 w= 20 nsites= 500
0.23999999999999996	0.09399999999999999	0.6	0.066
0.06	0.8240000000000001	0.006000000000000001	0.11
0.344	0.11399999999999999	0.154	0.38799999999999996
0.044000000000000004	0.064	0.846	0.046
0.6859999999999999	0.01	0.284	0.02
0.14200000000000002	0.038000000000000006	0.8160000000000001	0.004
0.016	0.57	0.046	0.368
0.0	0.986	0.0	0.014
0.778	0.06	0.09000000000000001	0.07200000000000001
0.174	0.272	0.23999999999999996	0.314
0.17800000000000002	0.202	0.432	0.188
0.11999999999999998	0.16	0.16799999999999998	0.5519999999999999
0.41400000000000003	0.04	0.436	0.11
0.13999999999999999	0.118	0.702	0.04
0.21799999999999997	0.09799999999999999	0.37599999999999995	0.308
0.13799999999999998	0.11999999999999998	0.45599999999999996	0.286
0.16	0.12399999999999999	0.274	0.44199999999999995
0.382	0.106	0.424	0.08800000000000001
0.126	0.654	0.09000000000000001	0.13
0.184	0.154	0.144	0.518
