>letter-probability matrix ZN563_HUMAN.H11MO.0.C: alength= 4 w= 21 nsites= 499
0.2409819639278557	0.12675350701402804	0.4433867735470942	0.18887775551102204
0.09268537074148298	0.10470941883767536	0.6357715430861723	0.16683366733466934
0.16482965931863727	0.16082164328657317	0.4714428857715431	0.2029058116232465
0.27905811623246496	0.26903807615230463	0.25100200400801603	0.20090180360721444
0.020541082164328657	0.08266533066132264	0.1467935871743487	0.7499999999999999
0.006012024048096193	0.8897795591182365	0.008016032064128258	0.09619238476953908
0.35070140280561124	0.48697394789579157	0.022044088176352707	0.1402805611222445
0.1002004008016032	0.18036072144288576	0.15230460921843686	0.5671342685370742
0.15831663326653306	0.312625250501002	0.2725450901803607	0.2565130260521042
0.3547094188376753	0.13827655310621242	0.2985971943887775	0.20841683366733466
0.11022044088176353	0.6292585170340682	0.17034068136272545	0.09018036072144289
0.26452905811623245	0.2985971943887775	0.03206412825651302	0.4048096192384769
0.17835671342685372	0.026052104208416835	0.6272545090180361	0.1683366733466934
0.034068136272545096	0.11823647294589179	0.6833667334669339	0.16432865731462926
0.03206412825651303	0.7915831663326653	0.1683366733466934	0.008016032064128258
0.717434869739479	0.19438877755511022	0.008016032064128258	0.08016032064128258
0.2685370741482966	0.12424849699398796	0.5390781563126252	0.06813627254509018
0.018036072144288578	0.8957915831663327	0.018036072144288578	0.06813627254509019
0.18637274549098196	0.17034068136272543	0.1002004008016032	0.5430861723446894
0.05410821643286573	0.18036072144288579	0.6673346693386774	0.09819639278557114
0.15430861723446893	0.40280561122244485	0.06613226452905811	0.37675350701402804
