>letter-probability matrix ZN582_HUMAN.H11MO.0.C: alength= 4 w= 24 nsites= 260
0.15384615384615385	0.47692307692307695	0.3423076923076923	0.026923076923076925
0.13846153846153847	0.019230769230769232	0.6615384615384615	0.18076923076923077
0.676923076923077	0.17307692307692307	0.1346153846153846	0.015384615384615385
0.7307692307692307	0.019230769230769232	0.06153846153846154	0.18846153846153846
0.026923076923076925	0.0038461538461538464	0.2076923076923077	0.7615384615384615
0.023076923076923078	0.015384615384615385	0.8076923076923077	0.15384615384615385
0.023076923076923078	0.3346153846153846	0.5884615384615385	0.05384615384615385
0.7269230769230769	0.04230769230769231	0.05	0.18076923076923077
0.33076923076923076	0.17307692307692307	0.19230769230769232	0.3038461538461538
0.038461538461538464	0.03461538461538462	0.04230769230769231	0.8846153846153846
0.07692307692307693	0.3423076923076923	0.27692307692307694	0.3038461538461538
0.1076923076923077	0.007692307692307693	0.8653846153846154	0.019230769230769232
0.6192307692307693	0.007692307692307693	0.36153846153846153	0.011538461538461539
0.6153846153846154	0.35384615384615387	0.019230769230769232	0.011538461538461539
0.026923076923076925	0.038461538461538464	0.026923076923076925	0.9076923076923077
0.04230769230769231	0.0	0.9538461538461539	0.0038461538461538464
0.007692307692307693	0.5230769230769231	0.4653846153846154	0.0038461538461538464
0.9692307692307692	0.011538461538461539	0.0038461538461538464	0.015384615384615385
0.8038461538461539	0.12307692307692308	0.06538461538461539	0.007692307692307693
0.17307692307692307	0.023076923076923078	0.33076923076923076	0.47307692307692306
0.026923076923076925	0.5576923076923077	0.13846153846153847	0.27692307692307694
0.8846153846153846	0.026923076923076925	0.06153846153846154	0.026923076923076925
0.5192307692307693	0.026923076923076925	0.03461538461538462	0.41923076923076924
0.10384615384615385	0.7307692307692307	0.08076923076923077	0.08461538461538462
