>letter-probability matrix ZN667_HUMAN.H11MO.0.C: alength= 4 w= 19 nsites= 500
0.13799999999999998	0.16799999999999998	0.5599999999999999	0.134
0.23399999999999999	0.10799999999999998	0.172	0.48599999999999993
0.098	0.068	0.626	0.20800000000000002
0.078	0.332	0.49	0.1
0.044000000000000004	0.834	0.058	0.064
0.146	0.46199999999999997	0.046	0.346
0.06199999999999999	0.12199999999999998	0.132	0.6839999999999999
0.08399999999999999	0.23799999999999996	0.18	0.49799999999999994
0.54	0.314	0.046	0.09999999999999999
0.678	0.108	0.116	0.098
0.45799999999999996	0.106	0.422	0.013999999999999999
0.764	0.054	0.052000000000000005	0.13
0.066	0.054	0.8	0.08
0.068	0.788	0.054	0.09000000000000001
0.04	0.19399999999999998	0.036	0.73
0.046	0.6940000000000001	0.14400000000000002	0.116
0.466	0.30000000000000004	0.062	0.17200000000000001
0.094	0.324	0.34	0.242
0.1	0.7200000000000001	0.08	0.1
