>letter-probability matrix ZN680_HUMAN.H11MO.0.C: alength= 4 w= 20 nsites= 309
0.08414239482200647	0.6537216828478964	0.03559870550161812	0.22653721682847897
0.6116504854368932	0.04530744336569579	0.3106796116504854	0.032362459546925564
0.05825242718446602	0.372168284789644	0.07119741100323625	0.49838187702265374
0.3074433656957929	0.022653721682847894	0.656957928802589	0.012944983818770227
0.284789644012945	0.12297734627831715	0.11003236245954692	0.48220064724919093
0.061488673139158574	0.889967637540453	0.0	0.04854368932038835
0.04530744336569579	0.919093851132686	0.012944983818770227	0.022653721682847894
0.9838187702265372	0.0	0.00970873786407767	0.006472491909385114
0.6084142394822006	0.019417475728155338	0.3495145631067961	0.022653721682847894
0.006472491909385114	0.00970873786407767	0.9805825242718447	0.003236245954692557
0.9773462783171522	0.006472491909385114	0.003236245954692557	0.012944983818770227
0.9158576051779935	0.0	0.08090614886731391	0.003236245954692557
0.10679611650485438	0.00970873786407767	0.8770226537216829	0.006472491909385114
0.9838187702265372	0.0	0.012944983818770227	0.003236245954692557
0.7993527508090614	0.04854368932038835	0.032362459546925564	0.1197411003236246
0.003236245954692557	0.02912621359223301	0.022653721682847894	0.9449838187702265
0.21359223300970875	0.04530744336569579	0.5922330097087378	0.1488673139158576
0.9385113268608415	0.012944983818770227	0.019417475728155338	0.02912621359223301
0.07766990291262135	0.0	0.9158576051779935	0.006472491909385114
0.07119741100323625	0.02912621359223301	0.8673139158576052	0.032362459546925564
