>letter-probability matrix ZN708_HUMAN.H11MO.0.C: alength= 4 w= 20 nsites= 359
0.16991643454038996	0.13370473537604458	0.5793871866295265	0.116991643454039
0.20612813370473537	0.44846796657381616	0.2200557103064067	0.12534818941504178
0.23676880222841226	0.4986072423398329	0.15041782729805014	0.11420612813370473
0.2116991643454039	0.1894150417827298	0.10863509749303621	0.49025069637883006
0.5821727019498607	0.1671309192200557	0.11977715877437325	0.1309192200557103
0.5598885793871866	0.07520891364902507	0.24512534818941503	0.11977715877437325
0.2033426183844011	0.13091922005571027	0.20055710306406682	0.46518105849582164
0.5988857938718662	0.16991643454038996	0.15041782729805014	0.0807799442896936
0.649025069637883	0.08356545961002786	0.23676880222841226	0.03064066852367688
0.2757660167130919	0.036211699164345405	0.5459610027855153	0.14206128133704735
0.1532033426183844	0.31197771587743733	0.2590529247910863	0.2757660167130919
0.935933147632312	0.0	0.04178272980501393	0.022284122562674095
0.008356545961002786	0.002785515320334262	0.9832869080779945	0.005571030640668524
0.016713091922005572	0.04178272980501393	0.9303621169916435	0.011142061281337047
0.036211699164345405	0.42061281337047357	0.005571030640668524	0.5376044568245125
0.9442896935933148	0.022284122562674095	0.025069637883008356	0.008356545961002786
0.005571030640668524	0.871866295264624	0.019498607242339833	0.10306406685236769
0.9220055710306407	0.005571030640668524	0.06128133704735376	0.011142061281337047
0.03899721448467967	0.005571030640668524	0.947075208913649	0.008356545961002786
0.08356545961002786	0.8356545961002786	0.025069637883008356	0.055710306406685235
