>letter-probability matrix ZN768_HUMAN.H11MO.0.C: alength= 4 w= 20 nsites= 424
0.20047169811320756	0.13679245283018868	0.5683962264150944	0.09433962264150944
0.6721698113207547	0.08726415094339623	0.17924528301886794	0.06132075471698113
0.25235849056603776	0.014150943396226415	0.6674528301886793	0.0660377358490566
0.1320754716981132	0.03537735849056604	0.8089622641509434	0.02358490566037736
0.1179245283018868	0.7712264150943396	0.030660377358490566	0.08018867924528303
0.27358490566037735	0.24056603773584906	0.004716981132075472	0.4811320754716981
0.014150943396226415	0.9716981132075472	0.01179245283018868	0.002358490566037736
0.9834905660377359	0.004716981132075472	0.0	0.01179245283018868
0.007075471698113209	0.014150943396226415	0.9787735849056604	0.0
0.9575471698113207	0.014150943396226415	0.02358490566037736	0.004716981132075472
0.02830188679245283	0.01650943396226415	0.9528301886792453	0.002358490566037736
0.9575471698113207	0.01650943396226415	0.01886792452830189	0.007075471698113209
0.0660377358490566	0.03773584905660378	0.8702830188679246	0.025943396226415096
0.03537735849056604	0.01886792452830189	0.9198113207547169	0.025943396226415096
0.009433962264150943	0.07547169811320754	0.285377358490566	0.6297169811320754
0.09198113207547169	0.17452830188679244	0.17688679245283018	0.5566037735849055
0.6014150943396226	0.12971698113207547	0.22641509433962265	0.04245283018867925
0.7240566037735849	0.02358490566037736	0.1957547169811321	0.05660377358490566
0.044811320754716985	0.06367924528301887	0.8349056603773585	0.05660377358490566
0.12028301886792452	0.22877358490566035	0.1580188679245283	0.4929245283018867
