>letter-probability matrix ZN770_HUMAN.H11MO.0.C: alength= 4 w= 22 nsites= 490
0.22653061224489793	0.09591836734693877	0.5285714285714286	0.14897959183673468
0.12653061224489795	0.02448979591836735	0.8367346938775511	0.012244897959183675
0.04693877551020408	0.022448979591836737	0.9285714285714286	0.0020408163265306124
0.9408163265306122	0.006122448979591838	0.04285714285714286	0.010204081632653062
0.0326530612244898	0.0	0.9571428571428572	0.010204081632653062
0.02857142857142857	0.012244897959183675	0.9469387755102041	0.012244897959183675
0.04081632653061225	0.8755102040816327	0.05714285714285714	0.026530612244897958
0.12448979591836733	0.28775510204081634	0.044897959183673466	0.5428571428571428
0.1163265306122449	0.0816326530612245	0.7816326530612245	0.020408163265306124
0.6408163265306123	0.07142857142857144	0.24489795918367346	0.04285714285714286
0.1469387755102041	0.05918367346938776	0.763265306122449	0.030612244897959183
0.19183673469387755	0.08979591836734693	0.6428571428571428	0.07551020408163266
0.16938775510204082	0.4020408163265306	0.20408163265306123	0.22448979591836735
0.32857142857142857	0.07142857142857144	0.47959183673469385	0.12040816326530612
0.10612244897959183	0.09591836734693877	0.7551020408163266	0.04285714285714286
0.16122448979591836	0.09387755102040815	0.7122448979591837	0.0326530612244898
0.6489795918367347	0.04693877551020408	0.22653061224489796	0.07755102040816327
0.09183673469387756	0.04489795918367347	0.8448979591836735	0.018367346938775512
0.21428571428571427	0.09999999999999999	0.6612244897959183	0.024489795918367346
0.5653061224489796	0.18979591836734694	0.16938775510204082	0.07551020408163266
0.08979591836734693	0.13877551020408163	0.2551020408163265	0.5163265306122449
0.10204081632653061	0.4959183673469388	0.22244897959183674	0.1795918367346939
