>letter-probability matrix ZN816_HUMAN.H11MO.0.C: alength= 4 w= 21 nsites= 430
0.5581395348837209	0.1441860465116279	0.1813953488372093	0.11627906976744186
0.5976744186046512	0.13023255813953488	0.18837209302325583	0.08372093023255814
0.5511627906976744	0.13023255813953488	0.21395348837209302	0.10465116279069768
0.37674418604651166	0.1372093023255814	0.313953488372093	0.17209302325581396
0.5767441860465116	0.12093023255813953	0.20232558139534884	0.1
0.5906976744186047	0.08837209302325581	0.2116279069767442	0.10930232558139535
0.17906976744186048	0.046511627906976744	0.5232558139534884	0.25116279069767444
0.06976744186046512	0.004651162790697675	0.9116279069767442	0.013953488372093023
0.00930232558139535	0.0	0.9674418604651163	0.023255813953488372
0.006976744186046512	0.0023255813953488376	0.9906976744186047	0.0
0.020930232558139535	0.0	0.9790697674418605	0.0
0.986046511627907	0.0023255813953488376	0.006976744186046512	0.004651162790697675
0.09302325581395349	0.813953488372093	0.07209302325581395	0.020930232558139535
0.627906976744186	0.15813953488372096	0.10465116279069768	0.10930232558139535
0.06511627906976743	0.0813953488372093	0.17674418604651163	0.6767441860465115
0.05116279069767442	0.027906976744186046	0.8488372093023256	0.07209302325581395
0.1930232558139535	0.4534883720930233	0.08372093023255814	0.26976744186046514
0.42093023255813955	0.17906976744186048	0.14651162790697675	0.2534883720930233
0.20232558139534884	0.04883720930232558	0.5604651162790698	0.18837209302325583
0.11395348837209303	0.0744186046511628	0.7674418604651163	0.044186046511627906
0.10465116279069768	0.08139534883720931	0.7395348837209302	0.0744186046511628
