>letter-probability matrix ZN816_HUMAN.H11MO.1.C: alength= 4 w= 14 nsites= 464
0.4310344827586207	0.20474137931034483	0.22844827586206898	0.13577586206896552
0.5021551724137931	0.12284482758620689	0.2435344827586207	0.1314655172413793
0.22844827586206895	0.056034482758620684	0.3814655172413793	0.334051724137931
0.1767241379310345	0.021551724137931036	0.75	0.05172413793103448
0.05603448275862069	0.010775862068965518	0.7887931034482759	0.14439655172413796
0.06896551724137932	0.002155172413793104	0.8943965517241379	0.03448275862068966
0.06896551724137932	0.01939655172413793	0.9051724137931034	0.006465517241379311
0.8706896551724138	0.07974137931034483	0.01724137931034483	0.032327586206896554
0.15301724137931036	0.706896551724138	0.09698275862068965	0.04310344827586207
0.6379310344827587	0.10991379310344827	0.08836206896551725	0.16379310344827588
0.11206896551724138	0.09698275862068965	0.2672413793103448	0.5237068965517241
0.10129310344827587	0.04956896551724138	0.7672413793103449	0.08189655172413794
0.3232758620689655	0.3706896551724138	0.08405172413793104	0.22198275862068967
0.4224137931034483	0.1336206896551724	0.20258620689655174	0.2413793103448276
