>letter-probability matrix ZNF41_HUMAN.H11MO.0.C: alength= 4 w= 24 nsites= 349
0.25501432664756446	0.501432664756447	0.12607449856733524	0.1174785100286533
0.7134670487106017	0.1002865329512894	0.1318051575931232	0.054441260744985676
0.10601719197707736	0.7220630372492837	0.07163323782234957	0.1002865329512894
0.7449856733524356	0.06303724928366762	0.14040114613180515	0.05157593123209169
0.7106017191977076	0.00859598853868195	0.2492836676217765	0.03151862464183381
0.06876790830945559	0.020057306590257878	0.8710601719197708	0.040114613180515755
0.11174785100286533	0.034383954154727794	0.7879656160458453	0.0659025787965616
0.39255014326647564	0.00859598853868195	0.5959885386819485	0.002865329512893983
0.9484240687679083	0.00859598853868195	0.02865329512893983	0.014326647564469915
0.44412607449856734	0.07449856733524356	0.4670487106017192	0.014326647564469915
0.22636103151862463	0.19770773638968483	0.1174785100286533	0.4584527220630373
0.4326647564469914	0.2177650429799427	0.2034383954154728	0.1461318051575931
0.5272206303724928	0.1174785100286533	0.25501432664756446	0.1002865329512894
0.3553008595988538	0.03724928366762178	0.498567335243553	0.10888252148997135
0.2492836676217765	0.21489971346704873	0.41260744985673353	0.12320916905444126
0.054441260744985676	0.7449856733524356	0.1174785100286533	0.0830945558739255
0.9684813753581661	0.005730659025787966	0.017191977077363897	0.00859598853868195
0.03724928366762178	0.9111747851002866	0.04584527220630373	0.005730659025787966
0.23209169054441262	0.6934097421203438	0.022922636103151865	0.05157593123209169
0.830945558739255	0.011461318051575933	0.12320916905444126	0.034383954154727794
0.1174785100286533	0.04871060171919771	0.11461318051575932	0.7191977077363897
0.09742120343839542	0.17191977077363896	0.64756446991404	0.0830945558739255
0.7077363896848137	0.04584527220630373	0.12034383954154727	0.12607449856733524
0.15472779369627507	0.0830945558739255	0.6532951289398281	0.10888252148997135
