>letter-probability matrix ZNF76_HUMAN.H11MO.0.C: alength= 4 w= 22 nsites= 498
0.285140562248996	0.10843373493975902	0.5321285140562249	0.07429718875502007
0.25903614457831325	0.12248995983935743	0.4457831325301205	0.17269076305220885
0.22088353413654616	0.040160642570281124	0.4497991967871485	0.2891566265060241
0.02208835341365462	0.024096385542168676	0.9257028112449799	0.028112449799196786
0.10642570281124498	0.5983935742971888	0.2429718875502008	0.052208835341365466
0.5240963855421686	0.35341365461847385	0.0502008032128514	0.07228915662650602
0.01606425702811245	0.23092369477911645	0.06024096385542168	0.6927710843373494
0.04216867469879518	0.19879518072289154	0.3473895582329317	0.4116465863453815
0.0783132530120482	0.6887550200803213	0.15461847389558234	0.0783132530120482
0.032128514056224904	0.20281124497991967	0.00602409638554217	0.7590361445783133
0.020080321285140562	0.010040160642570281	0.963855421686747	0.00602409638554217
0.00602409638554217	0.008032128514056226	0.963855421686747	0.02208835341365462
0.02208835341365462	0.004016064257028113	0.9618473895582329	0.012048192771084338
0.8755020080321285	0.024096385542168676	0.052208835341365466	0.04819277108433735
0.4598393574297188	0.1004016064257028	0.3614457831325301	0.0783132530120482
0.321285140562249	0.11646586345381525	0.1546184738955823	0.4076305220883534
0.06224899598393573	0.12048192771084336	0.17871485943775098	0.6385542168674698
0.06425702811244981	0.10040160642570281	0.7931726907630522	0.042168674698795185
0.0783132530120482	0.1144578313253012	0.17269076305220882	0.6345381526104418
0.7028112449799198	0.05823293172690763	0.19477911646586346	0.04417670682730924
0.10441767068273093	0.07028112449799197	0.7911646586345382	0.03413654618473896
0.048192771084337345	0.09236947791164658	0.1646586345381526	0.6947791164658634
