>letter-probability matrix ZNF85_HUMAN.H11MO.0.C: alength= 4 w= 20 nsites= 500
0.624	0.116	0.138	0.122
0.264	0.128	0.162	0.44599999999999995
0.5940000000000001	0.1	0.10400000000000001	0.202
0.172	0.102	0.6539999999999999	0.072
0.622	0.1	0.186	0.092
0.626	0.198	0.11	0.066
0.5539999999999999	0.088	0.304	0.05399999999999999
0.54	0.057999999999999996	0.102	0.3
0.15200000000000002	0.558	0.17200000000000001	0.11800000000000001
0.146	0.034	0.148	0.6719999999999999
0.19	0.004	0.802	0.004
0.62	0.32799999999999996	0.032	0.02
0.5079999999999999	0.029999999999999995	0.057999999999999996	0.40399999999999997
0.03	0.006000000000000001	0.954	0.01
0.086	0.092	0.37599999999999995	0.44599999999999995
0.974	0.012	0.008	0.006000000000000001
0.866	0.096	0.002	0.036000000000000004
0.01	0.046	0.022000000000000002	0.922
0.038000000000000006	0.914	0.016	0.032
0.174	0.13999999999999999	0.022	0.6639999999999999
