>letter-probability matrix ZNF8_HUMAN.H11MO.0.C: alength= 4 w= 22 nsites= 417
0.03836930455635492	0.05275779376498801	0.03597122302158273	0.8729016786570744
0.1510791366906475	0.03117505995203837	0.8105515587529977	0.007194244604316548
0.011990407673860911	0.03117505995203837	0.0023980815347721825	0.9544364508393286
0.0023980815347721825	0.0	0.9928057553956835	0.004796163069544365
0.00959232613908873	0.0023980815347721825	0.9856115107913669	0.0023980815347721825
0.01918465227817746	0.045563549160671464	0.004796163069544365	0.9304556354916067
0.9856115107913669	0.007194244604316548	0.004796163069544365	0.0023980815347721825
0.019184652278177457	0.2973621103117505	0.014388489208633093	0.6690647482014388
0.8177458033573142	0.02158273381294964	0.1606714628297362	0.0
0.03357314148681055	0.045563549160671464	0.023980815347721823	0.8968824940047961
0.12709832134292565	0.827338129496403	0.02158273381294964	0.023980815347721823
0.014388489208633094	0.7649880095923262	0.0	0.22062350119904078
0.9568345323741008	0.00959232613908873	0.014388489208633094	0.01918465227817746
0.016786570743405275	0.14148681055155876	0.03597122302158273	0.8057553956834532
0.7194244604316548	0.03597122302158273	0.11750599520383694	0.12709832134292565
0.07913669064748202	0.7817745803357314	0.02158273381294964	0.11750599520383694
0.8369304556354916	0.10551558752997602	0.0407673860911271	0.016786570743405275
0.762589928057554	0.026378896882494004	0.16786570743405277	0.04316546762589928
0.047961630695443645	0.06954436450839328	0.05755395683453238	0.8249400479616307
0.09352517985611511	0.011990407673860911	0.8609112709832134	0.03357314148681055
0.07913669064748202	0.016786570743405275	0.8920863309352518	0.011990407673860911
0.9232613908872902	0.02158273381294964	0.03836930455635492	0.016786570743405275
