>letter-probability matrix ZNF85_HUMAN.H11MO.1.C: alength= 4 w= 13 nsites= 499
0.09819639278557113	0.04809619238476954	0.16032064128256512	0.6933867735470941
0.20641282565130262	0.008016032064128258	0.7715430861723447	0.014028056112224449
0.6012024048096192	0.3366733466933868	0.038076152304609215	0.02404809619238477
0.503006012024048	0.02404809619238477	0.04809619238476954	0.4248496993987976
0.034068136272545096	0.0020040080160320644	0.9559118236472945	0.008016032064128258
0.09218436873747494	0.1002004008016032	0.37074148296593185	0.4368737474949899
0.9799599198396793	0.012024048096192385	0.004008016032064129	0.004008016032064129
0.875751503006012	0.12024048096192384	0.004008016032064129	0.0
0.006012024048096193	0.04008016032064129	0.006012024048096193	0.9478957915831664
0.022044088176352707	0.9378757515030061	0.016032064128256515	0.02404809619238477
0.15430861723446893	0.156312625250501	0.008016032064128256	0.6813627254509017
0.11623246492985971	0.3627254509018036	0.11422845691382764	0.406813627254509
0.15430861723446893	0.3366733466933868	0.11623246492985971	0.3927855711422845
