>letter-probability matrix ZSC22_HUMAN.H11MO.0.C: alength= 4 w= 16 nsites= 476
0.3046218487394958	0.10084033613445378	0.4369747899159664	0.15756302521008406
0.18907563025210083	0.11344537815126049	0.6428571428571428	0.05462184873949579
0.13445378151260504	0.15126050420168066	0.2626050420168067	0.4516806722689075
0.12394957983193278	0.6323529411764707	0.18067226890756302	0.06302521008403361
0.31932773109243695	0.18067226890756302	0.09243697478991596	0.407563025210084
0.06092436974789916	0.008403361344537816	0.9264705882352942	0.004201680672268908
0.8613445378151261	0.014705882352941176	0.10084033613445378	0.023109243697478993
0.1365546218487395	0.06302521008403361	0.546218487394958	0.2542016806722689
0.08403361344537816	0.004201680672268908	0.9033613445378151	0.008403361344537816
0.025210084033613446	0.008403361344537816	0.957983193277311	0.008403361344537816
0.542016806722689	0.31092436974789917	0.08823529411764705	0.0588235294117647
0.11974789915966387	0.008403361344537816	0.8592436974789917	0.012605042016806723
0.018907563025210086	0.004201680672268908	0.957983193277311	0.018907563025210086
0.7142857142857143	0.23529411764705882	0.02100840336134454	0.029411764705882353
0.06512605042016807	0.006302521008403362	0.9159663865546218	0.012605042016806723
0.06932773109243698	0.04831932773109244	0.8466386554621849	0.03571428571428572
