>letter-probability matrix ZSC31_HUMAN.H11MO.0.C: alength= 4 w= 18 nsites= 407
0.28255528255528256	0.05405405405405406	0.5208845208845209	0.1425061425061425
0.06142506142506143	0.05405405405405406	0.6216216216216216	0.2628992628992629
0.08845208845208846	0.7518427518427518	0.09828009828009829	0.06142506142506143
0.6511056511056511	0.14987714987714987	0.05896805896805897	0.14004914004914004
0.07125307125307125	0.03931203931203932	0.85995085995086	0.029484029484029485
0.04668304668304669	0.8943488943488944	0.03194103194103194	0.02702702702702703
0.7076167076167077	0.041769041769041775	0.1941031941031941	0.056511056511056514
0.024570024570024572	0.014742014742014743	0.9484029484029484	0.012285012285012286
0.049140049140049144	0.02702702702702703	0.8624078624078624	0.06142506142506143
0.10565110565110565	0.022113022113022116	0.8452088452088452	0.02702702702702703
0.0515970515970516	0.9041769041769042	0.03194103194103194	0.012285012285012286
0.6658476658476659	0.13513513513513514	0.09090909090909091	0.10810810810810811
0.29975429975429974	0.09336609336609338	0.4742014742014742	0.13267813267813267
0.0687960687960688	0.09090909090909091	0.25307125307125306	0.5872235872235873
0.1597051597051597	0.11793611793611793	0.2383292383292383	0.484029484029484
0.6732186732186732	0.11547911547911548	0.1547911547911548	0.056511056511056514
0.11547911547911548	0.09336609336609338	0.2678132678132678	0.5233415233415233
0.3734643734643735	0.10565110565110565	0.43980343980343983	0.08108108108108109
