>letter-probability matrix MA1139.1 FOSL2::JUNB_var.2: alength= 4 w= 12 nsites= 999 E= 0
 0.227227  0.150150  0.359359  0.263263
 0.638000  0.065000  0.268000  0.029000
 0.008000  0.017000  0.006000  0.969000
 0.012000  0.021000  0.780000  0.187000
 0.972000  0.005000  0.013000  0.010000
 0.010000  0.899000  0.017000  0.074000
 0.074000  0.016000  0.900000  0.010000
 0.010000  0.012000  0.006000  0.972000
 0.186000  0.778000  0.023000  0.013000
 0.968000  0.005000  0.019000  0.008000
 0.028000  0.266000  0.067000  0.639000
 0.263000  0.358000  0.151000  0.228000
